1000
271 612 1
140 802 1
162 561 1
281 512 1
10 463 1
205 904 1
375 561 1
535 550 1
194 220 1
129 276 1
43 990 1
660 666 1
612 918 1
44 168 1
293 872 1
853 980 1
226 330 1
14 410 1
250 394 1
71 163 1
535 792 1
380 918 1
134 219 1
39 588 1
639 849 1
465 467 1
514 854 1
354 636 1
101 944 1
217 338 1
282 467 1
414 623 1
479 752 1
498 765 1
231 650 1
537 693 1
261 529 1
472 978 1
250 636 1
232 767 1
70 934 1
129 531 1
90 768 1
766 822 1
394 950 1
263 467 1
199 940 1
120 418 1
161 419 1
567 878 1
207 306 1
40 129 1
358 704 1
578 707 1
110 373 1
75 123 1
541 825 1
44 544 1
128 134 1
358 825 1
205 354 1
740 890 1
652 814 1
247 994 1
550 766 1
70 129 1
608 707 1
599 658 1
59 650 1
54 306 1
680 997 1
840 986 1
229 832 1
624 836 1
93 153 1
386 671 1
797 885 1
165 379 1
271 546 1
205 717 1
74 382 1
272 663 1
248 269 1
101 744 1
137 438 1
271 438 1
307 849 1
499 790 1
200 908 1
401 669 1
695 850 1
621 672 1
146 150 1
684 728 1
279 908 1
75 849 1
230 908 1
11 46 1
40 747 1
475 675 1
208 331 1
287 624 1
108 918 1
603 860 1
410 465 1
451 503 1
387 976 1
390 752 1
43 119 1
683 745 1
191 808 1
300 980 1
467 568 1
150 632 1
458 519 1
690 761 1
92 519 1
322 981 1
247 578 1
467 581 1
134 637 1
199 766 1
56 717 1
133 412 1
861 885 1
391 707 1
69 656 1
45 70 1
486 715 1
203 363 1
10 197 1
6 721 1
354 946 1
228 541 1
407 772 1
194 664 1
39 790 1
757 777 1
25 599 1
145 664 1
2 844 1
203 605 1
210 500 1
728 840 1
84 775 1
404 716 1
34 954 1
230 600 1
51 332 1
114 388 1
75 433 1
911 934 1
264 332 1
145 906 1
69 93 1
19 272 1
21 318 1
740 971 1
180 203 1
405 550 1
267 616 1
189 925 1
552 748 1
266 391 1
505 673 1
104 329 1
44 49 1
785 956 1
95 509 1
306 692 1
438 848 1
46 509 1
612 920 1
133 922 1
594 987 1
24 871 1
165 581 1
552 990 1
30 127 1
408 982 1
568 971 1
75 809 1
553 582 1
118 590 1
467 515 1
379 402 1
213 864 1
447 802 1
438 982 1
224 235 1
456 770 1
146 581 1
863 865 1
271 990 1
486 878 1
145 356 1
43 79 1
39 603 1
5 955 1
266 996 1
247 754 1
51 842 1
203 418 1
39 724 1
451 934 1
191 300 1
541 827 1
126 319 1
590 948 1
37 772 1
226 708 1
78 665 1
647 822 1
377 961 1
578 951 1
108 544 1
264 266 1
90 904 1
5 271 1
75 488 1
264 387 1
541 961 1
60 99 1
189 509 1
582 669 1
535 594 1
248 271 1
833 961 1
695 731 1
5 284 1
36 802 1
306 397 1
765 911 1
92 145 1
204 386 1
355 784 1
165 394 1
373 572 1
698 894 1
563 669 1
15 46 1
39 403 1
125 214 1
364 459 1
98 754 1
354 680 1
133 977 1
790 981 1
452 693 1
649 978 1
19 582 1
41 341 1
87 982 1
598 932 1
494 811 1
394 873 1
553 637 1
322 970 1
449 516 1
140 175 1
54 926 1
200 226 1
581 857 1
414 451 1
106 298 1
331 645 1
582 937 1
43 363 1
755 865 1
276 342 1
138 408 1
191 234 1
330 578 1
550 581 1
266 822 1
121 175 1
269 827 1
200 239 1
409 578 1
234 991 1
523 599 1
75 180 1
338 819 1
926 989 1
747 758 1
659 874 1
203 594 1
268 494 1
259 940 1
405 994 1
754 882 1
446 766 1
41 946 1
36 602 1
624 772 1
80 150 1
515 721 1
212 949 1
392 772 1
497 825 1
228 785 1
490 906 1
457 500 1
83 259 1
107 616 1
248 326 1
19 503 1
129 146 1
272 720 1
165 328 1
46 148 1
137 495 1
526 721 1
130 492 1
382 447 1
43 981 1
392 906 1
403 506 1
298 978 1
378 449 1
506 863 1
373 519 1
49 624 1
885 896 1
45 919 1
790 807 1
581 899 1
306 694 1
46 740 1
211 578 1
247 272 1
150 568 1
90 288 1
117 162 1
337 394 1
394 699 1
361 522 1
512 920 1
181 820 1
93 707 1
330 391 1
373 990 1
54 981 1
744 933 1
477 818 1
235 238 1
519 936 1
338 861 1
150 581 1
732 936 1
451 923 1
83 527 1
289 595 1
75 114 1
269 882 1
230 402 1
175 466 1
18 253 1
119 305 1
71 759 1
645 765 1
145 829 1
11 600 1
272 412 1
134 707 1
120 772 1
95 190 1
114 203 1
564 934 1
196 538 1
322 354 1
267 418 1
133 603 1
503 550 1
346 832 1
165 262 1
51 160 1
358 842 1
339 563 1
14 214 1
341 380 1
203 904 1
323 740 1
44 93 1
381 681 1
802 940 1
163 724 1
256 915 1
44 214 1
127 922 1
30 989 1
83 98 1
248 394 1
382 394 1
323 982 1
390 743 1
85 107 1
394 862 1
339 697 1
567 790 1
433 561 1
853 918 1
429 856 1
83 219 1
220 453 1
362 802 1
403 574 1
263 271 1
364 582 1
229 394 1
143 354 1
338 566 1
783 916 1
180 394 1
201 453 1
10 885 1
46 579 1
25 227 1
486 585 1
136 701 1
650 693 1
1 18 1
234 980 1
248 649 1
456 827 1
46 700 1
266 932 1
440 819 1
261 588 1
2 364 1
447 980 1
326 690 1
162 996 1
8 529 1
137 939 1
453 650 1
7 829 1
332 360 1
244 247 1
326 811 1
391 940 1
40 188 1
592 701 1
148 953 1
22 548 1
8 650 1
126 376 1
134 762 1
120 827 1
65 137 1
634 819 1
726 822 1
289 784 1
242 709 1
3 548 1
509 945 1
154 717 1
267 594 1
286 607 1
420 836 1
731 994 1
46 137 1
417 538 1
114 271 1
394 554 1
158 314 1
603 664 1
83 140 1
832 901 1
499 728 1
695 788 1
681 890 1
101 574 1
54 728 1
758 844 1
188 728 1
702 949 1
494 505 1
34 261 1
586 737 1
218 341 1
709 844 1
230 846 1
380 790 1
526 844 1
256 983 1
75 908 1
378 451 1
505 906 1
21 564 1
246 911 1
122 350 1
672 790 1
326 382 1
737 919 1
695 922 1
748 785 1
219 404 1
394 930 1
669 869 1
271 981 1
43 70 1
97 306 1
322 919 1
5 946 1
338 634 1
539 624 1
226 807 1
331 594 1
50 581 1
210 304 1
564 573 1
789 920 1
371 932 1
453 476 1
175 468 1
699 882 1
652 807 1
247 758 1
458 941 1
585 982 1
645 767 1
356 664 1
474 885 1
21 122 1
203 772 1
428 890 1
111 954 1
69 728 1
30 965 1
318 880 1
203 664 1
459 590 1
469 554 1
408 544 1
301 418 1
26 213 1
215 903 1
853 894 1
932 958 1
332 670 1
60 211 1
165 264 1
612 724 1
123 267 1
147 624 1
49 89 1
269 321 1
21 256 1
105 664 1
31 449 1
171 200 1
121 608 1
264 391 1
117 903 1
60 332 1
220 321 1
46 205 1
75 842 1
78 93 1
165 506 1
588 609 1
95 447 1
205 844 1
94 976 1
253 740 1
234 498 1
313 791 1
46 676 1
343 899 1
46 568 1
261 456 1
54 917 1
586 926 1
658 802 1
68 936 1
477 875 1
498 934 1
391 579 1
148 592 1
21 982 1
186 295 1
477 767 1
318 451 1
92 404 1
685 918 1
592 690 1
266 934 1
351 749 1
117 582 1
544 649 1
115 472 1
309 523 1
106 423 1
185 716 1
842 986 1
465 999 1
330 582 1
316 418 1
541 765 1
219 485 1
133 418 1
599 827 1
525 649 1
78 832 1
735 873 1
740 951 1
41 950 1
369 486 1
194 899 1
404 480 1
271 365 1
467 950 1
291 953 1
2 850 1
459 537 1
823 999 1
224 899 1
163 660 1
176 599 1
346 781 1
203 961 1
84 781 1
230 835 1
137 378 1
202 736 1
615 905 1
31 625 1
120 145 1
512 669 1
603 787 1
140 797 1
83 263 1
695 790 1
744 911 1
73 743 1
18 807 1
615 797 1
45 910 1
30 107 1
320 849 1
526 725 1
262 615 1
44 392 1
394 919 1
69 341 1
93 698 1
146 561 1
60 292 1
115 982 1
261 282 1
343 846 1
147 934 1
692 734 1
250 389 1
752 785 1
218 585 1
639 844 1
243 349 1
473 811 1
211 811 1
219 406 1
145 228 1
452 873 1
52 939 1
271 983 1
49 870 1
145 578 1
363 922 1
224 349 1
358 578 1
160 822 1
316 581 1
349 529 1
10 245 1
210 306 1
509 868 1
44 539 1
219 769 1
453 707 1
208 876 1
103 594 1
392 468 1
634 755 1
54 180 1
446 704 1
608 702 1
195 304 1
140 368 1
525 704 1
217 588 1
48 779 1
97 900 1
377 954 1
12 75 1
8 599 1
503 541 1
414 994 1
925 944 1
87 599 1
133 715 1
661 834 1
31 438 1
256 785 1
176 304 1
341 371 1
253 487 1
186 497 1
253 258 1
355 656 1
198 443 1
142 777 1
380 834 1
394 503 1
526 659 1
624 965 1
572 775 1
603 613 1
9 140 1
14 218 1
506 909 1
304 731 1
25 84 1
665 673 1
394 624 1
480 664 1
375 382 1
760 947 1
148 339 1
404 790 1
390 855 1
235 981 1
73 919 1
581 608 1
140 865 1
129 447 1
373 807 1
134 269 1
584 734 1
358 391 1
316 394 1
203 224 1
29 337 1
194 404 1
204 863 1
245 635 1
73 114 1
892 971 1
93 766 1
247 681 1
346 394 1
76 304 1
364 936 1
498 936 1
699 926 1
734 920 1
417 984 1
98 184 1
227 594 1
70 876 1
452 941 1
133 407 1
410 944 1
729 926 1
266 936 1
388 404 1
107 125 1
323 652 1
18 541 1
69 772 1
283 472 1
599 708 1
282 772 1
180 990 1
141 244 1
36 716 1
449 885 1
219 608 1
497 818 1
142 590 1
389 467 1
402 665 1
319 896 1
214 614 1
714 937 1
136 960 1
566 773 1
10 555 1
263 772 1
205 767 1
163 770 1
190 378 1
43 624 1
239 270 1
39 101 1
492 837 1
13 85 1
49 267 1
163 783 1
378 442 1
267 840 1
247 373 1
343 606 1
417 555 1
117 263 1
218 574 1
98 923 1
41 389 1
253 568 1
354 620 1
18 930 1
568 966 1
31 990 1
347 738 1
600 918 1
6 408 1
350 743 1
322 910 1
388 446 1
25 394 1
21 918 1
618 908 1
164 472 1
269 754 1
664 795 1
199 695 1
180 453 1
859 970 1
75 107 1
467 631 1
145 351 1
98 239 1
342 865 1
53 762 1
148 999 1
358 580 1
248 708 1
354 875 1
346 462 1
97 660 1
78 418 1
344 537 1
354 996 1
541 822 1
305 811 1
599 763 1
244 306 1
389 401 1
210 429 1
163 354 1
140 599 1
231 902 1
284 994 1
127 781 1
555 999 1
715 951 1
214 669 1
145 835 1
310 902 1
93 150 1
84 596 1
189 612 1
264 382 1
126 677 1
129 194 1
781 874 1
79 373 1
579 659 1
150 253 1
790 842 1
452 554 1
264 503 1
503 785 1
594 903 1
459 715 1
373 446 1
63 486 1
134 137 1
283 903 1
477 624 1
494 793 1
466 731 1
75 846 1
199 387 1
639 659 1
165 510 1
127 218 1
54 908 1
417 731 1
11 43 1
150 387 1
136 452 1
339 811 1
512 968 1
92 382 1
125 330 1
171 446 1
47 639 1
262 564 1
289 401 1
60 349 1
83 454 1
451 621 1
25 220 1
202 819 1
219 234 1
2 236 1
570 922 1
119 232 1
205 272 1
289 414 1
305 624 1
43 358 1
175 514 1
466 986 1
204 986 1
451 863 1
88 811 1
817 920 1
75 283 1
85 247 1
184 226 1
43 250 1
227 825 1
455 689 1
476 519 1
967 985 1
287 997 1
474 823 1
214 603 1
594 595 1
14 20 1
186 541 1
365 772 1
165 189 1
754 998 1
872 990 1
550 939 1
467 941 1
506 603 1
93 205 1
244 603 1
175 769 1
87 656 1
147 670 1
12 253 1
429 541 1
341 657 1
16 897 1
365 785 1
244 495 1
323 788 1
319 790 1
381 850 1
36 852 1
306 447 1
672 770 1
438 603 1
575 608 1
19 390 1
373 622 1
213 606 1
460 483 1
121 788 1
737 791 1
594 971 1
456 512 1
43 868 1
354 501 1
304 909 1
827 950 1
49 619 1
205 903 1
466 907 1
306 689 1
283 971 1
382 684 1
46 506 1
137 624 1
120 391 1
254 391 1
41 512 1
338 506 1
725 915 1
458 800 1
236 458 1
106 119 1
212 515 1
281 874 1
426 740 1
467 512 1
346 451 1
370 808 1
194 582 1
456 996 1
146 807 1
354 985 1
137 987 1
186 354 1
43 305 1
273 996 1
777 795 1
636 819 1
18 248 1
377 595 1
523 649 1
643 980 1
624 701 1
11 474 1
365 477 1
444 770 1
332 529 1
356 886 1
304 467 1
854 870 1
418 754 1
160 718 1
51 960 1
30 608 1
365 827 1
645 652 1
230 410 1
226 934 1
680 875 1
306 368 1
75 472 1
319 603 1
234 236 1
622 991 1
608 827 1
346 827 1
46 306 1
731 934 1
717 999 1
707 954 1
306 381 1
297 827 1
438 537 1
264 384 1
360 846 1
607 723 1
901 941 1
5 160 1
423 673 1
772 827 1
436 612 1
447 478 1
0 203 1
588 602 1
329 378 1
158 725 1
292 725 1
994 997 1
195 792 1
11 971 1
355 781 1
608 961 1
371 725 1
21 612 1
140 977 1
14 343 1
521 790 1
378 741 1
336 744 1
322 846 1
382 860 1
266 685 1
68 700 1
417 854 1
447 962 1
39 642 1
160 639 1
236 634 1
98 175 1
194 408 1
171 690 1
460 564 1
509 685 1
127 354 1
117 575 1
306 999 1
119 355 1
467 809 1
98 417 1
576 981 1
452 945 1
224 529 1
74 999 1
44 827 1
393 981 1
701 868 1
90 943 1
117 588 1
414 811 1
106 658 1
246 409 1
36 599 1
228 769 1
476 642 1
19 137 1
115 599 1
323 777 1
749 885 1
205 758 1
69 897 1
564 876 1
388 650 1
728 947 1
220 248 1
46 132 1
417 533 1
605 998 1
323 790 1
936 990 1
366 608 1
180 189 1
825 893 1
350 371 1
85 854 1
248 323 1
492 949 1
244 618 1
376 774 1
118 213 1
150 202 1
95 266 1
672 772 1
271 842 1
304 790 1
918 949 1
21 667 1
95 616 1
403 503 1
494 850 1
475 608 1
848 890 1
75 903 1
168 865 1
214 981 1
663 844 1
143 283 1
236 447 1
100 852 1
354 853 1
477 694 1
494 863 1
755 904 1
690 923 1
253 922 1
316 453 1
25 506 1
453 458 1
81 815 1
117 509 1
78 517 1
8 229 1
51 828 1
453 579 1
669 877 1
722 740 1
281 997 1
355 394 1
49 876 1
474 759 1
226 694 1
83 874 1
338 871 1
217 581 1
731 802 1
538 636 1
474 880 1
97 664 1
408 526 1
559 695 1
160 949 1
118 723 1
133 479 1
525 939 1
117 885 1
10 264 1
707 835 1
127 785 1
934 999 1
304 832 1
724 896 1
140 845 1
25 77 1
49 205 1
408 781 1
760 940 1
231 330 1
396 663 1
14 332 1
547 832 1
574 669 1
786 848 1
250 316 1
70 506 1
658 905 1
808 849 1
101 987 1
306 867 1
158 740 1
342 561 1
746 910 1
133 158 1
205 263 1
137 802 1
500 625 1
159 561 1
453 513 1
425 451 1
323 403 1
361 695 1
204 977 1
194 289 1
59 330 1
146 743 1
272 330 1
217 394 1
650 919 1
28 872 1
537 749 1
377 531 1
382 875 1
344 354 1
371 982 1
145 639 1
30 423 1
60 945 1
338 926 1
541 760 1
10 306 1
92 870 1
326 808 1
54 120 1
224 531 1
127 827 1
200 588 1
506 594 1
469 712 1
474 827 1
565 945 1
43 725 1
441 771 1
36 722 1
163 763 1
466 535 1
911 922 1
217 999 1
126 615 1
14 145 1
84 884 1
117 832 1
165 314 1
137 481 1
150 191 1
922 936 1
526 707 1
649 777 1
5 446 1
934 946 1
137 602 1
323 792 1
582 723 1
375 659 1
707 903 1
354 492 1
271 723 1
563 602 1
843 885 1
194 210 1
75 784 1
185 390 1
226 428 1
286 967 1
10 803 1
247 487 1
555 603 1
829 842 1
120 382 1
204 790 1
18 105 1
594 975 1
19 744 1
266 621 1
711 971 1
45 918 1
282 565 1
306 922 1
160 346 1
539 608 1
535 903 1
292 916 1
15 113 1
101 116 1
160 467 1
868 968 1
146 690 1
354 868 1
84 226 1
231 882 1
40 119 1
160 709 1
458 817 1
525 578 1
768 979 1
740 880 1
129 763 1
743 922 1
140 592 1
728 762 1
293 541 1
205 694 1
14 897 1
267 296 1
599 769 1
74 130 1
117 766 1
18 723 1
911 977 1
423 664 1
81 146 1
20 136 1
311 608 1
322 474 1
267 538 1
60 208 1
230 885 1
82 492 1
298 790 1
608 952 1
603 608 1
74 264 1
354 547 1
10 737 1
51 509 1
271 549 1
339 683 1
563 778 1
447 603 1
498 568 1
506 917 1
46 444 1
217 262 1
158 621 1
452 802 1
586 802 1
170 860 1
261 453 1
247 555 1
200 214 1
389 904 1
67 624 1
581 845 1
653 684 1
210 343 1
146 624 1
150 743 1
219 348 1
306 990 1
158 863 1
58 925 1
259 915 1
479 918 1
176 917 1
119 346 1
162 982 1
14 818 1
377 641 1
91 284 1
239 936 1
302 467 1
214 354 1
378 987 1
529 631 1
872 970 1
509 918 1
486 934 1
599 811 1
62 872 1
287 990 1
534 867 1
54 230 1
270 528 1
108 466 1
44 939 1
544 767 1
180 985 1
92 872 1
441 760 1
462 590 1
85 603 1
200 590 1
2 834 1
263 875 1
708 996 1
386 716 1
578 886 1
39 83 1
47 203 1
236 893 1
263 996 1
615 660 1
119 722 1
513 649 1
39 204 1
445 599 1
339 846 1
48 145 1
581 645 1
75 544 1
663 714 1
290 846 1
70 550 1
111 322 1
264 564 1
160 214 1
247 368 1
802 886 1
755 774 1
43 982 1
46 499 1
316 323 1
457 972 1
618 782 1
535 784 1
180 556 1
13 564 1
665 978 1
126 175 1
282 688 1
134 561 1
447 792 1
273 639 1
97 642 1
129 860 1
248 811 1
358 454 1
266 865 1
673 694 1
34 744 1
230 390 1
171 978 1
391 981 1
386 408 1
624 694 1
11 467 1
305 685 1
219 645 1
150 811 1
665 991 1
98 355 1
48 763 1
34 865 1
318 624 1
590 817 1
460 744 1
449 814 1
844 855 1
49 880 1
145 588 1
525 809 1
92 698 1
87 354 1
19 304 1
211 245 1
427 772 1
330 876 1
490 599 1
25 765 1
214 664 1
272 642 1
332 656 1
145 951 1
181 608 1
120 894 1
362 656 1
150 248 1
535 584 1
232 317 1
314 615 1
575 656 1
487 772 1
846 890 1
11 25 1
306 616 1
72 449 1
11 964 1
262 546 1
503 672 1
248 382 1
129 202 1
338 541 1
150 490 1
133 846 1
383 728 1
594 911 1
234 605 1
693 890 1
216 965 1
271 672 1
18 980 1
150 382 1
581 834 1
378 734 1
283 911 1
456 802 1
151 462 1
352 452 1
150 503 1
365 391 1
136 568 1
84 149 1
456 923 1
254 452 1
220 804 1
289 409 1
46 688 1
462 566 1
660 847 1
194 522 1
498 933 1
458 982 1
342 807 1
199 758 1
418 802 1
84 404 1
137 230 1
826 977 1
845 990 1
55 605 1
608 754 1
458 995 1
467 936 1
503 593 1
319 772 1
948 980 1
212 831 1
298 834 1
70 189 1
443 700 1
453 893 1
575 590 1
322 410 1
341 423 1
211 313 1
87 772 1
804 827 1
127 844 1
248 316 1
54 716 1
250 362 1
149 724 1
498 612 1
116 318 1
640 961 1
373 617 1
87 785 1
512 897 1
468 827 1
19 506 1
113 141 1
371 665 1
44 270 1
563 835 1
883 961 1
499 971 1
129 620 1
234 673 1
371 907 1
755 789 1
176 853 1
205 322 1
451 792 1
138 332 1
46 743 1
108 160 1
346 446 1
323 462 1
617 680 1
138 682 1
358 685 1
205 214 1
377 698 1
616 980 1
21 807 1
282 811 1
73 408 1
9 918 1
330 744 1
863 978 1
541 698 1
140 354 1
18 593 1
97 886 1
196 636 1
127 765 1
256 650 1
555 983 1
11 590 1
129 996 1
121 354 1
286 650 1
25 996 1
331 958 1
213 414 1
330 999 1
561 602 1
354 538 1
25 70 1
651 761 1
904 941 1
95 314 1
158 370 1
316 956 1
204 486 1
792 885 1
451 592 1
11 845 1
612 954 1
54 663 1
26 564 1
67 373 1
908 952 1
414 417 1
581 594 1
281 561 1
234 486 1
43 918 1
160 271 1
287 726 1
466 728 1
414 538 1
364 451 1
83 438 1
354 672 1
8 264 1
228 267 1
271 903 1
477 742 1
203 210 1
889 952 1
3 859 1
452 685 1
264 863 1
151 693 1
43 113 1
306 981 1
685 785 1
105 210 1
523 686 1
36 110 1
233 624 1
95 690 1
2 462 1
842 853 1
97 699 1
62 634 1
39 650 1
36 581 1
467 804 1
90 817 1
318 452 1
777 966 1
180 747 1
634 917 1
441 522 1
231 712 1
31 358 1
612 754 1
326 922 1
298 594 1
471 522 1
346 527 1
203 707 1
837 993 1
202 253 1
642 754 1
446 879 1
812 936 1
350 353 1
503 595 1
93 202 1
271 474 1
728 834 1
5 210 1
373 377 1
725 765 1
141 256 1
30 913 1
244 842 1
115 957 1
422 885 1
408 950 1
7 377 1
494 495 1
262 374 1
781 939 1
46 490 1
25 138 1
338 598 1
832 904 1
117 141 1
15 93 1
507 555 1
500 781 1
153 673 1
650 725 1
218 802 1
171 498 1
658 845 1
108 149 1
113 264 1
202 979 1
618 665 1
306 807 1
78 391 1
456 980 1
690 918 1
795 971 1
41 509 1
692 964 1
2 517 1
189 343 1
391 743 1
78 283 1
382 923 1
5 707 1
25 622 1
412 802 1
219 407 1
637 920 1
815 926 1
54 276 1
185 759 1
31 292 1
671 918 1
872 908 1
25 514 1
541 808 1
255 976 1
161 523 1
624 698 1
71 751 1
250 982 1
197 890 1
289 829 1
624 819 1
164 834 1
236 939 1
487 521 1
414 982 1
271 408 1
73 652 1
890 911 1
499 531 1
70 354 1
263 934 1
497 872 1
87 708 1
197 314 1
54 531 1
119 660 1
114 316 1
41 188 1
110 961 1
575 768 1
248 373 1
101 848 1
885 930 1
656 878 1
394 612 1
306 728 1
364 440 1
603 722 1
748 817 1
288 832 1
642 835 1
116 725 1
451 486 1
327 908 1
44 327 1
100 902 1
512 846 1
732 849 1
878 903 1
146 725 1
160 394 1
108 204 1
316 382 1
725 846 1
752 949 1
264 636 1
224 271 1
762 849 1
99 505 1
692 790 1
425 675 1
418 672 1
561 980 1
55 354 1
544 747 1
134 620 1
631 672 1
529 624 1
474 688 1
54 102 1
119 231 1
205 271 1
476 734 1
108 338 1
608 624 1
85 354 1
379 572 1
590 755 1
391 811 1
845 981 1
339 355 1
798 906 1
297 624 1
425 809 1
253 288 1
203 467 1
356 709 1
120 698 1
147 306 1
578 758 1
932 990 1
145 876 1
797 802 1
30 660 1
93 191 1
114 250 1
740 941 1
27 776 1
489 807 1
429 527 1
198 594 1
14 19 1
533 584 1
211 304 1
73 599 1
292 414 1
228 887 1
286 599 1
248 307 1
781 807 1
93 204 1
43 612 1
318 817 1
63 527 1
202 605 1
49 134 1
362 594 1
39 318 1
181 667 1
506 723 1
772 879 1
151 266 1
25 127 1
535 643 1
451 649 1
146 538 1
459 769 1
827 936 1
44 261 1
87 897 1
210 967 1
375 546 1
292 777 1
414 474 1
273 498 1
326 361 1
195 844 1
140 908 1
262 605 1
685 708 1
776 826 1
248 441 1
417 664 1
164 218 1
236 323 1
204 785 1
350 839 1
685 829 1
509 603 1
247 603 1
379 493 1
30 339 1
218 575 1
46 734 1
30 460 1
291 501 1
117 385 1
428 506 1
875 966 1
326 616 1
25 624 1
445 981 1
701 907 1
121 332 1
11 460 1
98 119 1
180 683 1
565 982 1
21 101 1
451 917 1
330 856 1
101 474 1
548 934 1
565 874 1
443 625 1
314 474 1
230 517 1
271 289 1
55 664 1
108 527 1
149 528 1
599 993 1
332 649 1
354 408 1
867 929 1
289 952 1
191 417 1
163 584 1
545 649 1
770 996 1
443 638 1
116 243 1
503 652 1
11 715 1
425 998 1
117 882 1
538 875 1
271 531 1
7 192 1
394 601 1
213 297 1
781 983 1
874 945 1
202 781 1
417 477 1
191 659 1
43 909 1
160 262 1
827 991 1
366 781 1
567 771 1
226 249 1
230 893 1
30 44 1
150 375 1
535 940 1
688 953 1
56 676 1
116 498 1
83 550 1
603 845 1
7 447 1
43 104 1
15 271 1
414 542 1
176 899 1
207 212 1
181 977 1
373 918 1
113 550 1
574 908 1
228 271 1
417 961 1
250 555 1
57 160 1
84 263 1
810 892 1
595 967 1
194 394 1
330 440 1
354 797 1
21 853 1
48 690 1
521 910 1
606 725 1
331 520 1
248 751 1
46 802 1
75 271 1
590 636 1
39 762 1
378 982 1
358 515 1
211 990 1
30 649 1
420 575 1
819 846 1
172 998 1
474 811 1
44 934 1
608 747 1
181 414 1
21 987 1
599 698 1
34 926 1
441 755 1
231 945 1
8 644 1
264 304 1
214 483 1
267 575 1
112 701 1
337 819 1
818 863 1
367 698 1
408 470 1
203 940 1
93 314 1
354 355 1
323 776 1
137 357 1
68 486 1
147 550 1
95 131 1
55 961 1
30 904 1
162 306 1
423 835 1
197 263 1
394 777 1
380 879 1
506 954 1
459 650 1
698 932 1
271 828 1
147 792 1
95 602 1
39 212 1
226 304 1
762 772 1
165 553 1
49 378 1
108 958 1
503 962 1
391 492 1
126 975 1
704 952 1
160 330 1
467 487 1
683 785 1
378 903 1
667 777 1
248 564 1
261 503 1
32 451 1
213 728 1
523 624 1
228 447 1
519 919 1
21 908 1
815 917 1
41 742 1
160 693 1
60 755 1
388 557 1
159 505 1
11 341 1
95 978 1
291 624 1
326 847 1
180 564 1
119 288 1
8 457 1
650 863 1
777 904 1
129 868 1
485 503 1
60 768 1
443 506 1
162 227 1
150 927 1
103 586 1
221 807 1
870 987 1
101 247 1
946 982 1
160 827 1
531 740 1
476 804 1
89 129 1
75 231 1
30 717 1
694 882 1
647 807 1
75 581 1
531 632 1
203 766 1
354 410 1
304 818 1
1 780 1
758 759 1
207 656 1
716 762 1
95 186 1
242 879 1
531 753 1
92 117 1
200 882 1
492 990 1
561 595 1
243 959 1
535 579 1
358 946 1
7 194 1
218 377 1
75 594 1
70 250 1
283 772 1
140 952 1
608 828 1
575 880 1
234 358 1
5 498 1
698 987 1
505 592 1
150 364 1
141 544 1
172 382 1
672 934 1
746 883 1
561 608 1
160 264 1
225 659 1
646 652 1
785 996 1
205 946 1
414 531 1
479 660 1
264 506 1
181 737 1
229 256 1
473 845 1
588 603 1
417 950 1
741 781 1
199 498 1
83 552 1
126 922 1
196 200 1
412 498 1
43 106 1
405 724 1
18 49 1
456 918 1
247 781 1
197 694 1
140 160 1
236 622 1
57 162 1
189 281 1
254 447 1
200 561 1
305 614 1
101 289 1
54 214 1
264 990 1
134 624 1
158 981 1
483 512 1
235 410 1
307 515 1
534 743 1
69 872 1
289 875 1
624 636 1
715 983 1
75 165 1
715 754 1
318 566 1
323 644 1
160 882 1
316 870 1
599 700 1
590 880 1
151 244 1
143 834 1
36 708 1
402 765 1
204 292 1
489 690 1
538 811 1
271 467 1
226 990 1
446 993 1
205 638 1
304 765 1
717 934 1
2 134 1
811 946 1
43 845 1
387 655 1
266 365 1
515 840 1
380 652 1
581 642 1
303 368 1
781 932 1
160 319 1
203 955 1
1 740 1
876 940 1
359 650 1
452 612 1
391 602 1
162 779 1
649 897 1
5 566 1
207 966 1
465 672 1
574 844 1
211 792 1
266 499 1
486 731 1
145 438 1
95 846 1
164 451 1
521 725 1
359 663 1
753 967 1
54 966 1
203 271 1
652 777 1
165 918 1
289 459 1
319 338 1
84 441 1
72 875 1
248 808 1
946 971 1
335 588 1
355 503 1
126 414 1
544 698 1
138 919 1
34 983 1
271 401 1
9 926 1
77 306 1
860 917 1
406 481 1
371 460 1
797 982 1
200 763 1
107 306 1
43 779 1
846 874 1
106 835 1
271 414 1
18 951 1
269 304 1
334 699 1
7 75 1
83 299 1
30 961 1
503 656 1
219 897 1
322 581 1
160 253 1
148 199 1
137 535 1
307 946 1
802 925 1
535 581 1
140 954 1
503 777 1
827 874 1
338 417 1
250 304 1
75 946 1
402 846 1
69 377 1
506 903 1
151 675 1
8 138 1
271 777 1
760 941 1
452 559 1
498 904 1
572 890 1
551 767 1
110 270 1
616 667 1
373 909 1
44 441 1
145 264 1
114 685 1
203 205 1
105 205 1
14 575 1
137 911 1
914 953 1
680 786 1
451 963 1
231 694 1
74 976 1
88 93 1
203 568 1
639 906 1
21 39 1
367 447 1
944 953 1
108 452 1
550 797 1
383 391 1
25 683 1
687 802 1
318 447 1
100 453 1
441 517 1
451 976 1
25 575 1
668 910 1
250 922 1
590 990 1
54 458 1
740 934 1
69 766 1
449 987 1
146 986 1
603 636 1
503 698 1
18 656 1
302 829 1
43 834 1
51 200 1
804 932 1
95 243 1
7 130 1
55 844 1
811 827 1
322 636 1
470 534 1
217 879 1
137 590 1
772 872 1
276 934 1
802 980 1
642 762 1
913 996 1
228 893 1
603 770 1
489 934 1
160 200 1
230 939 1
59 828 1
2 257 1
117 244 1
205 882 1
369 724 1
231 494 1
165 436 1
338 364 1
202 732 1
114 848 1
217 303 1
447 765 1
176 945 1
637 781 1
685 943 1
625 663 1
418 599 1
25 375 1
101 922 1
112 263 1
227 509 1
377 682 1
618 781 1
12 971 1
287 910 1
634 725 1
842 903 1
73 163 1
639 840 1
224 332 1
358 561 1
160 576 1
330 499 1
203 394 1
498 985 1
331 808 1
69 808 1
91 338 1
58 161 1
75 330 1
145 574 1
267 271 1
750 913 1
230 389 1
485 615 1
123 936 1
453 811 1
698 844 1
224 695 1
513 569 1
555 980 1
641 983 1
462 752 1
2 996 1
131 652 1
373 414 1
51 134 1
779 809 1
314 709 1
388 695 1
373 535 1
244 650 1
175 816 1
239 306 1
417 578 1
12 529 1
292 583 1
168 547 1
214 663 1
346 819 1
621 758 1
354 414 1
338 406 1
147 838 1
136 191 1
141 306 1
707 946 1
163 819 1
149 655 1
200 886 1
286 660 1
250 414 1
150 476 1
150 247 1
56 319 1
264 497 1
436 954 1
785 879 1
477 726 1
403 777 1
39 500 1
387 954 1
60 330 1
271 779 1
11 145 1
433 777 1
70 725 1
762 952 1
660 712 1
25 201 1
417 954 1
378 962 1
634 659 1
231 454 1
129 672 1
51 752 1
112 210 1
134 723 1
840 885 1
97 575 1
919 949 1
518 605 1
228 506 1
43 460 1
667 849 1
185 809 1
861 863 1
14 698 1
234 967 1
31 113 1
210 344 1
643 906 1
108 333 1
374 452 1
777 842 1
14 819 1
291 575 1
509 919 1
550 920 1
849 987 1
355 452 1
43 594 1
846 918 1
120 814 1
18 537 1
224 642 1
12 234 1
624 990 1
8 758 1
44 940 1
271 579 1
166 822 1
394 649 1
350 579 1
283 589 1
489 923 1
594 939 1
112 707 1
506 826 1
354 469 1
147 664 1
114 487 1
92 176 1
723 982 1
98 664 1
354 590 1
390 772 1
95 595 1
253 659 1
579 829 1
141 603 1
554 772 1
246 656 1
755 762 1
584 880 1
451 765 1
267 944 1
160 552 1
547 998 1
5 449 1
299 667 1
82 669 1
145 200 1
103 203 1
227 498 1
810 819 1
358 429 1
261 267 1
219 499 1
458 781 1
70 901 1
447 659 1
87 316 1
171 724 1
262 842 1
743 886 1
354 845 1
305 660 1
21 901 1
70 793 1
83 503 1
93 925 1
51 928 1
173 625 1
335 458 1
75 90 1
123 804 1
140 219 1
73 394 1
45 332 1
160 807 1
449 681 1
5 933 1
228 453 1
198 281 1
203 625 1
361 982 1
175 563 1
10 230 1
63 93 1
230 270 1
48 522 1
100 160 1
60 990 1
292 330 1
247 853 1
263 797 1
708 918 1
615 690 1
391 982 1
75 224 1
355 507 1
140 474 1
145 818 1
423 762 1
137 176 1
763 867 1
119 765 1
449 936 1
531 746 1
145 939 1
101 603 1
44 69 1
964 978 1
293 544 1
241 354 1
676 696 1
915 978 1
681 811 1
716 997 1
658 763 1
314 724 1
382 599 1
781 870 1
216 832 1
832 835 1
199 599 1
273 319 1
264 728 1
552 902 1
593 940 1
320 781 1
306 846 1
650 656 1
672 940 1
18 150 1
79 840 1
60 561 1
271 781 1
885 940 1
103 150 1
447 714 1
273 561 1
253 848 1
160 391 1
238 725 1
219 446 1
351 373 1
378 964 1
452 913 1
636 734 1
92 378 1
639 776 1
220 792 1
160 512 1
588 959 1
84 379 1
447 956 1
212 564 1
467 790 1
418 790 1
243 523 1
160 754 1
531 667 1
497 790 1
304 624 1
137 218 1
199 867 1
377 873 1
321 978 1
140 637 1
467 803 1
85 701 1
81 996 1
754 981 1
114 126 1
967 981 1
323 650 1
95 234 1
389 452 1
210 709 1
196 811 1
218 304 1
314 766 1
608 755 1
626 809 1
211 301 1
45 763 1
438 694 1
56 134 1
69 73 1
203 827 1
500 525 1
450 933 1
286 946 1
126 728 1
470 538 1
165 427 1
151 492 1
338 584 1
744 777 1
719 949 1
176 707 1
456 724 1
165 777 1
160 204 1
785 936 1
394 785 1
204 890 1
663 946 1
181 906 1
537 541 1
330 477 1
822 939 1
2 382 1
479 721 1
451 659 1
305 541 1
203 264 1
287 672 1
364 855 1
160 567 1
316 555 1
882 966 1
375 906 1
122 460 1
125 731 1
82 95 1
529 555 1
363 788 1
776 957 1
5 814 1
163 205 1
156 983 1
346 555 1
43 288 1
381 512 1
449 683 1
541 915 1
379 624 1
272 498 1
117 624 1
585 729 1
230 501 1
180 909 1
39 933 1
54 275 1
205 444 1
243 699 1
196 624 1
13 917 1
608 797 1
412 922 1
145 807 1
365 581 1
590 928 1
271 394 1
417 448 1
54 396 1
564 912 1
946 977 1
525 920 1
175 807 1
1 425 1
191 522 1
715 936 1
74 351 1
827 854 1
362 754 1
119 538 1
380 808 1
531 977 1
930 982 1
83 292 1
145 941 1
700 934 1
130 525 1
98 950 1
271 649 1
651 870 1
95 652 1
348 603 1
34 184 1
292 708 1
581 582 1
575 996 1
160 259 1
146 361 1
225 654 1
304 947 1
305 354 1
21 595 1
181 732 1
377 378 1
982 983 1
44 205 1
683 835 1
554 950 1
227 555 1
306 848 1
134 364 1
199 722 1
667 827 1
205 244 1
93 740 1
21 837 1
120 550 1
194 499 1
373 915 1
108 203 1
407 499 1
145 499 1
85 219 1
92 380 1
523 795 1
327 920 1
160 743 1
46 907 1
74 740 1
25 555 1
176 199 1
250 673 1
403 915 1
525 612 1
318 319 1
548 744 1
127 458 1
21 971 1
425 795 1
444 808 1
474 916 1
83 802 1
377 754 1
160 985 1
583 859 1
283 338 1
219 582 1
208 918 1
103 636 1
84 394 1
137 220 1
54 451 1
92 743 1
928 978 1
21 45 1
886 981 1
60 939 1
435 816 1
457 575 1
267 451 1
203 695 1
645 811 1
244 467 1
362 459 1
243 996 1
100 459 1
141 231 1
110 652 1
134 982 1
409 921 1
445 578 1
707 763 1
564 980 1
8 991 1
199 293 1
624 994 1
204 408 1
663 922 1
14 247 1
855 863 1
832 879 1
54 585 1
258 765 1
459 755 1
290 946 1
469 948 1
141 365 1
70 650 1
570 707 1
286 948 1
410 489 1
561 658 1
203 950 1
30 204 1
18 904 1
163 999 1
120 363 1
180 414 1
20 196 1
138 417 1
603 776 1
811 954 1
142 832 1
200 248 1
477 556 1
361 610 1
452 728 1
746 946 1
765 959 1
391 718 1
835 880 1
11 204 1
48 271 1
189 210 1
479 723 1
553 672 1
74 903 1
266 844 1
140 210 1
112 377 1
226 664 1
87 91 1
78 271 1
157 564 1
418 834 1
537 785 1
51 811 1
250 728 1
81 919 1
263 667 1
11 338 1
659 788 1
249 624 1
111 690 1
499 506 1
36 516 1
160 811 1
687 971 1
47 116 1
678 922 1
590 809 1
422 673 1
479 978 1
212 863 1
36 637 1
191 282 1
289 817 1
41 752 1
11 809 1
599 750 1
19 175 1
244 293 1
97 997 1
394 466 1
31 414 1
176 509 1
608 920 1
93 245 1
559 920 1
561 700 1
43 774 1
63 460 1
353 707 1
751 982 1
492 987 1
294 477 1
244 885 1
189 949 1
160 248 1
25 60 1
199 361 1
603 939 1
93 608 1
248 253 1
354 420 1
276 995 1
7 312 1
218 724 1
204 597 1
460 523 1
267 882 1
189 962 1
362 890 1
305 356 1
922 998 1
39 614 1
176 885 1
281 672 1
60 673 1
137 893 1
51 624 1
95 667 1
2 210 1
161 203 1
451 945 1
160 503 1
352 673 1
117 547 1
236 498 1
359 834 1
414 541 1
69 506 1
210 216 1
127 447 1
467 781 1
11 501 1
150 616 1
819 940 1
337 671 1
750 840 1
59 205 1
261 797 1
467 902 1
538 553 1
708 735 1
534 848 1
210 458 1
261 918 1
75 270 1
902 951 1
140 399 1
411 862 1
79 160 1
39 990 1
319 751 1
271 451 1
54 453 1
114 238 1
592 802 1
67 163 1
60 941 1
30 998 1
594 811 1
382 403 1
506 698 1
60 123 1
377 998 1
217 982 1
728 932 1
137 464 1
276 808 1
106 885 1
95 467 1
807 932 1
707 765 1
457 819 1
61 590 1
107 477 1
807 824 1
672 865 1
765 827 1
355 700 1
126 840 1
506 832 1
137 477 1
87 885 1
519 542 1
417 760 1
890 980 1
605 996 1
197 612 1
311 899 1
378 660 1
410 612 1
332 958 1
509 591 1
301 827 1
576 766 1
273 499 1
45 83 1
0 835 1
303 378 1
555 599 1
494 848 1
282 440 1
230 250 1
386 497 1
625 779 1
224 435 1
210 271 1
523 731 1
762 784 1
200 263 1
485 597 1
196 494 1
247 725 1
467 728 1
365 451 1
659 669 1
361 975 1
777 890 1
68 164 1
231 865 1
613 903 1
594 624 1
446 911 1
826 903 1
46 977 1
528 980 1
624 917 1
402 575 1
49 982 1
486 983 1
269 985 1
151 175 1
777 903 1
818 904 1
782 981 1
355 621 1
575 624 1
51 358 1
763 860 1
381 529 1
522 919 1
420 642 1
698 852 1
21 344 1
72 538 1
581 681 1
306 476 1
34 54 1
378 581 1
499 642 1
594 879 1
198 650 1
203 765 1
244 537 1
120 996 1
266 296 1
95 414 1
807 879 1
848 917 1
471 930 1
8 940 1
388 932 1
162 360 1
690 708 1
244 887 1
376 814 1
236 245 1
306 718 1
194 248 1
165 486 1
271 653 1
918 989 1
145 248 1
248 605 1
248 376 1
289 377 1
55 210 1
468 645 1
46 656 1
618 818 1
458 600 1
175 248 1
820 952 1
56 556 1
377 382 1
447 828 1
92 371 1
88 895 1
248 618 1
30 624 1
263 603 1
414 772 1
70 962 1
138 608 1
652 829 1
11 503 1
472 898 1
21 962 1
650 904 1
590 624 1
194 624 1
129 909 1
550 673 1
863 904 1
140 509 1
145 624 1
272 665 1
525 845 1
381 571 1
531 552 1
489 555 1
5 176 1
175 624 1
453 982 1
198 463 1
276 797 1
161 581 1
238 276 1
150 163 1
205 624 1
219 936 1
188 805 1
306 531 1
853 929 1
129 346 1
394 765 1
228 998 1
792 811 1
608 990 1
93 544 1
19 366 1
141 477 1
559 990 1
130 584 1
39 200 1
231 370 1
46 590 1
376 990 1
104 531 1
250 356 1
351 408 1
584 875 1
83 364 1
354 827 1
160 318 1
247 472 1
25 130 1
535 875 1
246 772 1
231 612 1
556 934 1
234 883 1
373 961 1
247 593 1
734 940 1
228 314 1
352 380 1
618 765 1
2 267 1
287 665 1
87 311 1
18 211 1
123 907 1
338 603 1
249 494 1
403 853 1
103 561 1
244 271 1
83 848 1
158 204 1
618 899 1
819 889 1
365 453 1
133 332 1
224 450 1
388 787 1
176 379 1
203 512 1
318 499 1
510 669 1
92 681 1
191 394 1
319 808 1
88 158 1
208 977 1
404 623 1
358 921 1
715 929 1
612 693 1
890 903 1
436 467 1
40 238 1
886 932 1
550 983 1
825 922 1
69 121 1
101 827 1
615 819 1
441 932 1
196 872 1
19 650 1
337 996 1
827 860 1
150 352 1
380 814 1
199 473 1
593 814 1
885 922 1
205 934 1
394 833 1
438 876 1
273 314 1
314 840 1
181 725 1
500 707 1
338 645 1
145 250 1
291 304 1
394 725 1
18 145 1
36 199 1
371 943 1
302 318 1
202 905 1
117 538 1
180 594 1
175 250 1
639 879 1
363 715 1
239 908 1
15 382 1
180 715 1
162 846 1
537 723 1
440 790 1
228 382 1
226 723 1
83 903 1
550 783 1
25 669 1
541 734 1
304 498 1
180 957 1
51 52 1
75 382 1
137 213 1
293 460 1
7 103 1
108 451 1
44 924 1
2 927 1
728 802 1
117 685 1
566 740 1
194 868 1
271 334 1
78 922 1
228 637 1
14 119 1
2 819 1
354 453 1
282 873 1
46 108 1
225 339 1
284 919 1
394 525 1
199 286 1
672 735 1
19 355 1
93 304 1
358 989 1
163 750 1
438 689 1
47 538 1
728 936 1
354 466 1
230 925 1
210 946 1
414 453 1
74 304 1
506 715 1
87 997 1
85 133 1
582 939 1
744 772 1
447 751 1
760 982 1
980 985 1
273 369 1
195 944 1
405 525 1
212 359 1
97 143 1
41 248 1
450 941 1
348 664 1
191 946 1
669 719 1
39 323 1
60 382 1
10 790 1
21 656 1
403 721 1
194 318 1
326 474 1
575 949 1
616 950 1
160 441 1
236 665 1
43 270 1
447 885 1
306 909 1
28 672 1
146 664 1
585 711 1
669 853 1
210 504 1
34 958 1
414 950 1
156 160 1
30 694 1
527 746 1
939 956 1
636 918 1
87 447 1
60 987 1
402 687 1
93 117 1
423 517 1
689 902 1
106 581 1
620 802 1
401 620 1
263 915 1
394 580 1
388 802 1
728 870 1
390 582 1
101 479 1
18 939 1
133 926 1
202 531 1
150 341 1
615 700 1
95 405 1
293 649 1
287 346 1
306 359 1
92 107 1
165 585 1
244 649 1
30 131 1
649 819 1
19 423 1
767 811 1
189 834 1
832 940 1
918 980 1
238 467 1
582 765 1
15 129 1
765 886 1
751 988 1
639 747 1
368 698 1
60 316 1
46 418 1
137 765 1
261 306 1
505 932 1
296 529 1
727 981 1
218 609 1
639 868 1
18 26 1
748 811 1
247 529 1
771 943 1
81 725 1
614 996 1
70 603 1
44 550 1
868 997 1
227 671 1
755 827 1
581 940 1
39 620 1
70 724 1
331 499 1
234 832 1
143 448 1
734 889 1
30 507 1
659 715 1
523 790 1
160 738 1
140 271 1
43 338 1
175 494 1
414 776 1
620 844 1
205 373 1
318 664 1
263 728 1
656 659 1
95 97 1
377 978 1
89 282 1
25 792 1
30 870 1
305 846 1
219 806 1
103 631 1
210 693 1
55 819 1
622 903 1
603 624 1
365 981 1
580 906 1
219 698 1
189 755 1
189 526 1
271 336 1
7 226 1
119 467 1
624 868 1
38 744 1
529 981 1
147 650 1
36 819 1
306 414 1
204 403 1
264 417 1
11 991 1
346 981 1
41 116 1
376 860 1
832 874 1
725 748 1
21 403 1
535 624 1
834 920 1
452 589 1
181 769 1
957 990 1
14 134 1
271 699 1
202 599 1
306 656 1
259 581 1
584 637 1
181 890 1
561 882 1
69 191 1
5 664 1
49 707 1
665 710 1
305 404 1
95 594 1
150 301 1
236 304 1
790 890 1
535 637 1
306 777 1
438 933 1
364 718 1
639 694 1
9 298 1
46 594 1
211 890 1
458 767 1
444 603 1
203 248 1
282 541 1
669 721 1
107 954 1
151 731 1
394 903 1
199 664 1
106 207 1
391 834 1
253 900 1
382 785 1
77 149 1
228 318 1
291 603 1
659 770 1
10 95 1
342 605 1
83 610 1
5 919 1
3 92 1
16 785 1
200 377 1
150 785 1
250 723 1
722 947 1
40 95 1
339 391 1
564 775 1
541 791 1
305 780 1
585 834 1
203 503 1
230 377 1
161 506 1
101 226 1
334 434 1
119 509 1
248 919 1
75 210 1
332 509 1
189 460 1
21 95 1
349 863 1
261 979 1
624 802 1
214 638 1
497 963 1
698 953 1
69 930 1
229 919 1
218 235 1
75 452 1
522 912 1
594 751 1
129 163 1
244 638 1
91 581 1
200 982 1
258 923 1
93 361 1
146 453 1
354 402 1
846 864 1
436 700 1
378 466 1
214 772 1
561 816 1
253 700 1
349 408 1
82 818 1
211 474 1
348 708 1
21 350 1
31 772 1
26 428 1
227 418 1
922 980 1
92 230 1
212 295 1
248 477 1
695 937 1
65 541 1
918 982 1
582 996 1
293 893 1
150 356 1
458 472 1
195 772 1
91 126 1
616 765 1
947 986 1
534 588 1
19 896 1
776 875 1
762 940 1
412 827 1
384 765 1
131 319 1
713 940 1
451 940 1
762 832 1
75 131 1
98 263 1
664 940 1
70 726 1
336 845 1
19 909 1
690 848 1
490 494 1
555 889 1
44 673 1
752 945 1
213 896 1
92 606 1
133 378 1
73 98 1
270 612 1
349 905 1
247 894 1
352 681 1
126 338 1
258 494 1
194 738 1
41 910 1
330 784 1
163 378 1
140 394 1
180 961 1
229 853 1
160 982 1
564 843 1
108 563 1
85 808 1
45 628 1
158 276 1
751 790 1
489 790 1
723 728 1
161 695 1
68 467 1
656 903 1
688 855 1
330 918 1
366 575 1
181 529 1
588 624 1
271 688 1
235 765 1
389 451 1
366 696 1
765 930 1
92 164 1
811 817 1
162 408 1
14 244 1
148 244 1
392 870 1
211 529 1
161 937 1
204 755 1
148 594 1
46 354 1
371 639 1
288 870 1
2 18 1
339 835 1
414 457 1
383 878 1
792 817 1
60 602 1
901 989 1
213 588 1
414 578 1
247 586 1
500 766 1
266 599 1
376 996 1
546 882 1
217 414 1
664 874 1
590 659 1
526 940 1
452 954 1
83 599 1
129 486 1
743 874 1
558 599 1
599 600 1
34 599 1
873 876 1
207 261 1
159 715 1
271 956 1
244 264 1
124 384 1
522 659 1
250 954 1
219 621 1
659 664 1
538 603 1
10 218 1
39 690 1
689 772 1
100 377 1
129 849 1
652 890 1
292 318 1
113 612 1
25 728 1
145 564 1
84 554 1
612 673 1
414 954 1
54 382 1
694 971 1
138 790 1
141 270 1
127 631 1
89 339 1
25 849 1
195 506 1
93 229 1
10 231 1
224 914 1
624 804 1
228 575 1
74 108 1
146 213 1
513 909 1
180 211 1
39 235 1
608 917 1
43 879 1
160 232 1
381 874 1
49 172 1
656 850 1
128 465 1
515 874 1
499 637 1
70 460 1
283 753 1
214 653 1
234 568 1
234 339 1
915 966 1
250 283 1
322 802 1
150 466 1
408 990 1
40 594 1
790 826 1
414 512 1
470 592 1
60 428 1
26 780 1
494 885 1
554 936 1
226 582 1
74 713 1
776 985 1
349 652 1
271 998 1
44 541 1
271 769 1
365 367 1
585 636 1
15 25 1
391 541 1
14 554 1
247 762 1
51 850 1
137 890 1
101 967 1
271 890 1
412 600 1
250 538 1
342 541 1
180 708 1
75 951 1
382 842 1
305 595 1
250 659 1
145 377 1
18 501 1
133 259 1
69 503 1
137 903 1
117 665 1
271 314 1
92 608 1
292 373 1
46 906 1
5 868 1
443 542 1
715 735 1
214 453 1
7 914 1
194 740 1
777 832 1
204 381 1
195 561 1
314 512 1
117 907 1
198 337 1
497 899 1
388 848 1
264 287 1
663 787 1
387 394 1
285 346 1
381 579 1
11 982 1
314 525 1
220 338 1
21 394 1
306 526 1
453 990 1
14 354 1
146 281 1
354 459 1
266 346 1
362 808 1
283 700 1
176 574 1
44 354 1
615 880 1
70 528 1
382 534 1
165 765 1
202 832 1
11 69 1
117 236 1
306 889 1
158 762 1
244 950 1
582 945 1
438 937 1
672 875 1
37 364 1
639 698 1
584 762 1
349 599 1
271 945 1
236 658 1
43 263 1
669 725 1
534 537 1
338 827 1
599 602 1
136 612 1
141 956 1
323 438 1
652 879 1
578 664 1
523 728 1
402 438 1
258 430 1
282 787 1
43 276 1
273 967 1
474 728 1
455 486 1
119 271 1
715 790 1
106 453 1
355 605 1
453 911 1
613 900 1
71 617 1
687 849 1
14 46 1
224 566 1
91 451 1
608 906 1
30 929 1
324 918 1
318 615 1
712 734 1
230 731 1
75 564 1
130 271 1
176 387 1
723 785 1
76 937 1
506 521 1
60 175 1
183 282 1
375 452 1
306 581 1
770 981 1
718 791 1
391 396 1
503 637 1
230 744 1
697 853 1
34 280 1
380 688 1
559 919 1
724 986 1
452 527 1
457 642 1
465 466 1
800 981 1
44 180 1
238 460 1
307 819 1
210 886 1
92 342 1
355 981 1
781 860 1
25 288 1
408 763 1
534 579 1
248 481 1
456 659 1
41 417 1
247 522 1
271 879 1
637 936 1
875 993 1
378 712 1
75 940 1
93 728 1
197 785 1
11 366 1
725 941 1
11 137 1
576 818 1
218 844 1
70 717 1
212 541 1
565 659 1
317 594 1
148 785 1
110 264 1
44 435 1
417 946 1
120 659 1
446 829 1
358 716 1
537 718 1
382 844 1
467 659 1
664 944 1
562 667 1
161 323 1
129 785 1
330 546 1
844 996 1
641 667 1
263 721 1
180 723 1
553 968 1
292 375 1
173 683 1
434 724 1
34 790 1
689 721 1
83 911 1
677 832 1
234 262 1
46 211 1
92 852 1
160 986 1
913 964 1
457 684 1
594 689 1
46 103 1
150 160 1
270 979 1
204 396 1
43 936 1
332 810 1
44 114 1
197 356 1
255 563 1
70 517 1
108 809 1
214 939 1
276 807 1
21 517 1
405 628 1
603 872 1
69 184 1
275 289 1
315 590 1
512 875 1
644 765 1
146 525 1
352 364 1
665 824 1
458 760 1
408 939 1
282 305 1
447 638 1
414 690 1
405 641 1
603 885 1
809 990 1
987 996 1
34 590 1
189 198 1
509 590 1
247 590 1
203 483 1
488 652 1
78 488 1
83 603 1
519 904 1
780 945 1
30 447 1
212 609 1
119 381 1
537 894 1
145 784 1
472 950 1
2 506 1
754 784 1
289 913 1
210 391 1
564 889 1
140 561 1
93 220 1
763 954 1
83 966 1
513 550 1
143 751 1
55 638 1
140 453 1
98 456 1
25 853 1
355 728 1
140 803 1
489 728 1
262 271 1
137 276 1
326 966 1
147 698 1
834 847 1
316 921 1
75 566 1
603 685 1
140 695 1
382 457 1
547 561 1
247 269 1
250 274 1
202 526 1
346 921 1
234 451 1
84 921 1
62 344 1
141 408 1
130 515 1
553 581 1
603 698 1
341 698 1
186 824 1
250 287 1
582 760 1
477 478 1
15 124 1
92 344 1
162 588 1
234 693 1
332 999 1
271 989 1
211 709 1
541 584 1
885 919 1
447 693 1
39 602 1
457 886 1
336 825 1
93 838 1
602 981 1
220 650 1
158 940 1
92 357 1
176 994 1
283 302 1
562 656 1
364 900 1
644 954 1
196 535 1
234 827 1
564 702 1
453 605 1
346 479 1
599 659 1
356 672 1
97 677 1
69 615 1
550 659 1
52 382 1
62 841 1
538 541 1
166 669 1
694 788 1
446 723 1
303 903 1
160 854 1
467 782 1
608 721 1
411 621 1
390 498 1
708 844 1
231 919 1
31 336 1
327 334 1
394 509 1
330 790 1
9 146 1
126 465 1
373 571 1
318 672 1
4 970 1
95 334 1
210 809 1
196 911 1
738 965 1
112 917 1
93 409 1
230 909 1
375 509 1
198 583 1
454 509 1
16 283 1
164 181 1
447 506 1
578 989 1
316 989 1
181 535 1
346 868 1
244 820 1
137 694 1
51 425 1
582 815 1
7 584 1
950 982 1
375 522 1
93 772 1
296 579 1
34 579 1
447 748 1
553 649 1
332 946 1
261 477 1
417 990 1
250 584 1
458 533 1
70 882 1
460 579 1
124 364 1
93 785 1
127 369 1
153 772 1
631 811 1
189 200 1
147 203 1
176 941 1
93 906 1
108 248 1
150 659 1
309 652 1
36 493 1
146 890 1
165 903 1
75 192 1
555 829 1
318 364 1
330 832 1
127 732 1
346 547 1
645 843 1
273 971 1
92 896 1
180 780 1
271 373 1
334 429 1
261 853 1
517 550 1
949 961 1
337 848 1
879 902 1
244 391 1
119 625 1
531 835 1
219 977 1
621 728 1
304 792 1
731 896 1
271 386 1
381 746 1
232 394 1
264 346 1
116 219 1
262 273 1
594 746 1
561 569 1
645 977 1
120 863 1
49 394 1
21 332 1
204 453 1
264 467 1
231 290 1
219 990 1
181 698 1
267 509 1
599 982 1
203 982 1
93 356 1
19 407 1
373 639 1
5 243 1
247 271 1
34 163 1
908 919 1
149 638 1
264 588 1
214 767 1
203 874 1
352 408 1
667 685 1
14 305 1
211 590 1
269 531 1
615 939 1
582 762 1
499 993 1
581 803 1
248 593 1
253 708 1
467 637 1
408 996 1
141 652 1
232 999 1
394 832 1
875 876 1
83 418 1
8 244 1
71 529 1
453 594 1
590 599 1
460 755 1
368 937 1
25 534 1
852 986 1
525 591 1
230 414 1
451 827 1
845 946 1
440 897 1
434 594 1
497 650 1
147 271 1
69 846 1
43 564 1
10 387 1
46 81 1
5 43 1
41 905 1
330 779 1
54 322 1
44 802 1
489 664 1
79 271 1
230 669 1
15 744 1
188 672 1
708 967 1
605 731 1
355 785 1
318 903 1
183 449 1
568 785 1
535 608 1
162 282 1
126 588 1
365 870 1
43 819 1
781 785 1
785 904 1
788 909 1
908 974 1
512 516 1
498 581 1
503 696 1
267 685 1
321 396 1
271 575 1
493 624 1
107 588 1
247 339 1
142 811 1
394 766 1
264 656 1
498 594 1
391 468 1
535 863 1
282 417 1
48 250 1
194 304 1
210 248 1
269 599 1
444 600 1
263 525 1
203 245 1
226 643 1
553 772 1
219 603 1
112 248 1
194 546 1
111 548 1
652 872 1
64 207 1
160 669 1
321 772 1
622 700 1
522 533 1
838 998 1
659 767 1
337 716 1
227 844 1
865 872 1
194 667 1
224 546 1
210 382 1
160 790 1
443 590 1
434 541 1
476 888 1
261 734 1
355 369 1
548 912 1
25 844 1
682 848 1
314 452 1
93 224 1
230 724 1
304 673 1
162 216 1
175 909 1
205 788 1
788 843 1
163 562 1
503 859 1
322 555 1
728 977 1
422 907 1
59 855 1
83 394 1
93 358 1
192 566 1
137 401 1
447 563 1
158 460 1
908 921 1
765 872 1
126 885 1
594 990 1
396 517 1
382 582 1
456 531 1
602 622 1
247 394 1
505 689 1
11 117 1
306 708 1
212 292 1
93 829 1
676 921 1
417 926 1
494 880 1
537 698 1
5 608 1
373 775 1
266 649 1
417 818 1
81 603 1
248 716 1
93 842 1
808 824 1
338 646 1
180 474 1
87 246 1
162 834 1
652 698 1
36 200 1
247 649 1
555 765 1
338 996 1
250 654 1
134 708 1
903 953 1
796 827 1
106 380 1
14 791 1
652 819 1
19 906 1
113 770 1
641 660 1
30 506 1
323 499 1
870 897 1
703 720 1
56 91 1
462 550 1
305 832 1
379 781 1
93 158 1
590 964 1
362 548 1
331 740 1
256 566 1
305 953 1
30 748 1
1 690 1
534 961 1
25 791 1
527 921 1
594 682 1
390 623 1
394 513 1
740 921 1
573 744 1
149 453 1
214 811 1
69 164 1
160 282 1
230 792 1
205 964 1
67 505 1
158 394 1
658 680 1
126 819 1
198 695 1
5 529 1
588 621 1
46 338 1
271 685 1
832 981 1
376 738 1
744 868 1
109 394 1
293 932 1
306 642 1
457 811 1
5 650 1
25 107 1
54 808 1
164 414 1
163 980 1
256 942 1
452 588 1
10 886 1
189 888 1
785 919 1
375 755 1
136 244 1
669 707 1
194 414 1
364 596 1
377 535 1
248 421 1
486 707 1
219 363 1
232 827 1
414 575 1
171 588 1
377 656 1
358 414 1
771 997 1
203 247 1
410 954 1
133 188 1
224 535 1
303 599 1
289 664 1
850 997 1
41 599 1
160 550 1
198 253 1
208 712 1
636 664 1
92 537 1
205 414 1
305 766 1
181 205 1
217 653 1
356 731 1
43 271 1
680 828 1
31 382 1
564 882 1
5 918 1
256 500 1
267 366 1
137 256 1
376 538 1
450 487 1
559 659 1
522 777 1
300 664 1
849 906 1
145 790 1
162 205 1
217 666 1
450 608 1
123 213 1
358 790 1
55 981 1
330 957 1
108 844 1
117 849 1
362 616 1
4 908 1
95 272 1
603 678 1
318 960 1
579 735 1
271 390 1
288 559 1
394 460 1
853 974 1
168 642 1
373 522 1
101 588 1
785 961 1
389 503 1
512 802 1
503 982 1
176 624 1
459 683 1
159 391 1
378 694 1
603 812 1
14 417 1
198 992 1
230 981 1
25 283 1
665 872 1
785 974 1
165 707 1
693 863 1
44 417 1
494 882 1
246 817 1
378 707 1
116 936 1
470 939 1
248 597 1
93 723 1
657 765 1
910 982 1
762 818 1
113 409 1
75 117 1
164 603 1
161 305 1
273 546 1
220 885 1
146 707 1
822 990 1
44 659 1
272 523 1
62 713 1
98 141 1
43 205 1
87 248 1
31 87 1
68 908 1
90 667 1
403 898 1
98 262 1
447 941 1
276 305 1
18 498 1
200 431 1
659 945 1
175 603 1
326 772 1
114 327 1
187 842 1
283 550 1
264 271 1
150 960 1
15 735 1
56 214 1
131 802 1
230 781 1
54 555 1
301 432 1
378 386 1
373 456 1
804 908 1
54 447 1
174 512 1
210 694 1
145 979 1
51 526 1
49 224 1
81 405 1
191 802 1
190 348 1
582 808 1
34 451 1
134 160 1
452 698 1
605 977 1
433 456 1
672 967 1
649 754 1
387 754 1
137 808 1
247 451 1
45 990 1
205 979 1
120 346 1
452 819 1
144 474 1
438 692 1
78 120 1
456 709 1
373 940 1
868 919 1
25 230 1
338 690 1
417 754 1
458 526 1
232 937 1
194 416 1
498 827 1
350 700 1
336 765 1
123 886 1
214 250 1
126 137 1
204 996 1
39 555 1
18 203 1
476 529 1
388 645 1
522 645 1
203 599 1
244 371 1
441 656 1
129 835 1
127 725 1
710 817 1
791 890 1
326 827 1
339 500 1
380 538 1
230 486 1
78 846 1
381 389 1
325 723 1
160 915 1
677 882 1
770 844 1
319 908 1
314 564 1
112 615 1
331 918 1
7 269 1
394 449 1
219 862 1
346 903 1
175 792 1
469 973 1
2 46 1
44 982 1
264 460 1
140 690 1
575 618 1
44 164 1
114 408 1
226 326 1
322 559 1
253 688 1
506 868 1
728 981 1
594 752 1
41 51 1
417 796 1
472 503 1
499 865 1
378 575 1
603 922 1
758 981 1
49 521 1
21 459 1
582 755 1
92 339 1
355 978 1
408 989 1
568 978 1
438 868 1
644 936 1
88 755 1
160 594 1
99 355 1
51 607 1
646 753 1
940 971 1
197 661 1
582 997 1
664 807 1
523 538 1
127 538 1
302 310 1
692 990 1
865 918 1
245 944 1
92 473 1
16 599 1
272 525 1
511 541 1
15 374 1
41 777 1
863 885 1
140 490 1
273 790 1
358 605 1
845 952 1
578 837 1
330 772 1
52 269 1
234 246 1
46 195 1
230 541 1
120 669 1
339 447 1
91 382 1
696 950 1
126 568 1
50 960 1
694 796 1
389 426 1
50 731 1
14 219 1
0 92 1
271 326 1
427 802 1
394 396 1
765 797 1
350 555 1
56 108 1
18 755 1
114 463 1
339 581 1
287 391 1
56 229 1
214 815 1
263 973 1
538 912 1
287 512 1
149 807 1
83 453 1
369 581 1
69 289 1
322 506 1
84 863 1
271 918 1
25 219 1
450 920 1
95 692 1
134 162 1
572 802 1
663 920 1
327 934 1
330 451 1
506 936 1
354 808 1
113 453 1
46 463 1
394 880 1
273 590 1
534 631 1
226 515 1
93 659 1
54 933 1
41 590 1
134 525 1
43 141 1
452 834 1
498 950 1
330 585 1
108 472 1
531 575 1
500 996 1
337 709 1
535 990 1
669 953 1
740 833 1
146 885 1
159 824 1
352 724 1
52 203 1
79 306 1
120 603 1
106 668 1
474 835 1
653 837 1
14 850 1
594 607 1
84 542 1
740 846 1
526 594 1
158 198 1
330 719 1
608 663 1
88 368 1
181 330 1
129 140 1
309 781 1
777 886 1
106 681 1
330 840 1
163 663 1
531 830 1
75 321 1
388 781 1
146 201 1
323 800 1
529 905 1
716 731 1
306 338 1
314 687 1
355 725 1
103 918 1
292 790 1
405 438 1
74 338 1
621 736 1
915 954 1
832 919 1
78 982 1
210 872 1
108 861 1
451 675 1
93 472 1
693 962 1
271 744 1
67 685 1
81 354 1
414 500 1
204 690 1
140 934 1
520 926 1
79 695 1
160 354 1
459 916 1
244 991 1
219 409 1
535 911 1
337 401 1
378 698 1
14 650 1
382 817 1
588 693 1
808 925 1
799 876 1
145 352 1
217 457 1
67 927 1
328 473 1
37 526 1
116 819 1
18 247 1
338 868 1
269 768 1
203 414 1
213 873 1
148 892 1
377 486 1
48 432 1
180 817 1
20 599 1
694 772 1
509 763 1
981 987 1
263 707 1
318 414 1
54 75 1
55 677 1
228 605 1
503 544 1
314 379 1
319 723 1
849 952 1
269 902 1
585 879 1
263 599 1
137 194 1
193 503 1
31 441 1
5 977 1
70 140 1
624 726 1
19 323 1
203 669 1
455 890 1
3 500 1
70 261 1
11 620 1
0 202 1
189 626 1
343 541 1
158 266 1
366 444 1
199 267 1
584 603 1
214 804 1
30 983 1
60 108 1
230 785 1
612 850 1
535 603 1
204 503 1
364 455 1
649 853 1
98 750 1
46 331 1
846 909 1
505 845 1
656 785 1
117 211 1
214 817 1
14 234 1
382 401 1
160 288 1
318 911 1
239 581 1
244 696 1
371 737 1
612 863 1
117 332 1
280 740 1
492 919 1
526 917 1
259 802 1
512 982 1
248 414 1
41 350 1
304 989 1
204 987 1
180 401 1
19 941 1
574 934 1
25 234 1
219 248 1
7 594 1
19 833 1
330 695 1
388 407 1
269 715 1
175 528 1
501 698 1
446 762 1
298 598 1
110 318 1
555 934 1
338 936 1
53 952 1
331 667 1
7 18 1
14 731 1
31 146 1
457 483 1
714 819 1
659 883 1
92 772 1
97 621 1
160 906 1
70 195 1
14 34 1
244 267 1
394 440 1
36 732 1
11 675 1
214 509 1
332 730 1
318 832 1
5 106 1
772 773 1
408 725 1
67 203 1
599 966 1
253 329 1
