200
155 181 1
114 143 1
7 17 1
4 119 1
55 66 1
7 26 1
16 93 1
10 171 1
4 137 1
37 134 1
28 85 1
86 166 1
68 130 1
25 196 1
120 177 1
132 142 1
111 119 1
89 171 1
57 148 1
120 186 1
86 184 1
120 195 1
184 198 1
150 196 1
132 160 1
151 173 1
15 151 1
81 96 1
26 160 1
55 196 1
7 156 1
31 86 1
28 188 1
90 172 1
18 165 1
8 130 1
0 117 1
48 166 1
165 184 1
60 140 1
66 71 1
40 171 1
22 46 1
43 78 1
60 167 1
15 25 1
124 179 1
73 195 1
55 70 1
124 188 1
55 79 1
17 62 1
25 164 1
0 9 1
37 147 1
77 94 1
15 110 1
9 85 1
120 172 1
18 115 1
86 170 1
37 165 1
55 164 1
21 68 1
80 117 1
18 142 1
94 119 1
51 59 1
32 55 1
39 103 1
5 199 1
32 73 1
60 153 1
124 165 1
28 39 1
17 39 1
53 132 1
10 161 1
88 108 1
139 144 1
9 53 1
127 188 1
76 115 1
136 166 1
46 111 1
68 120 1
46 120 1
169 172 1
61 81 1
86 165 1
7 110 1
77 98 1
151 154 1
172 186 1
119 180 1
28 160 1
150 195 1
8 102 1
81 86 1
25 33 1
113 155 1
18 137 1
9 165 1
54 78 1
172 195 1
92 181 1
32 50 1
83 132 1
17 196 1
40 161 1
20 103 1
41 135 1
43 77 1
131 199 1
17 25 1
95 124 1
28 34 1
1 80 1
53 118 1
39 183 1
28 43 1
1 89 1
9 39 1
108 161 1
68 88 1
20 188 1
37 119 1
31 188 1
74 168 1
10 174 1
120 144 1
180 195 1
50 67 1
86 151 1
7 96 1
42 63 1
50 85 1
61 85 1
69 98 1
78 165 1
161 181 1
88 197 1
54 55 1
78 174 1
39 66 1
18 132 1
55 172 1
19 88 1
153 186 1
10 39 1
119 184 1
71 144 1
0 102 1
48 151 1
94 118 1
20 89 1
40 156 1
83 136 1
75 132 1
61 197 1
4 90 1
16 55 1
35 68 1
2 129 1
10 142 1
20 174 1
88 89 1
10 151 1
119 172 1
76 96 1
10 160 1
39 196 1
68 92 1
20 192 1
78 124 1
74 172 1
108 174 1
51 170 1
4 184 1
89 133 1
85 181 1
74 181 1
70 129 1
78 133 1
55 140 1
66 186 1
89 151 1
113 118 1
89 160 1
28 141 1
39 52 1
65 190 1
18 118 1
55 167 1
119 170 1
31 48 1
161 176 1
142 181 1
39 70 1
91 108 1
131 144 1
20 66 1
17 168 1
153 181 1
9 182 1
112 167 1
124 132 1
45 86 1
164 186 1
42 197 1
46 60 1
65 73 1
22 102 1
85 140 1
81 188 1
108 142 1
74 149 1
85 149 1
108 151 1
68 87 1
37 118 1
46 96 1
59 124 1
78 137 1
8 60 1
142 149 1
0 65 1
24 184 1
142 167 1
2 16 1
46 190 1
17 154 1
57 190 1
94 99 1
92 166 1
94 108 1
141 189 1
33 98 1
50 169 1
4 62 1
75 113 1
92 193 1
25 103 1
64 85 1
8 181 1
102 197 1
17 19 1
38 51 1
8 199 1
65 77 1
39 177 1
46 73 1
186 196 1
38 69 1
85 153 1
86 118 1
51 151 1
66 149 1
4 165 1
39 186 1
120 129 1
78 123 1
50 52 1
18 81 1
7 90 1
43 174 1
67 141 1
96 177 1
119 142 1
32 174 1
89 150 1
130 188 1
96 186 1
118 186 1
42 75 1
31 38 1
96 195 1
36 144 1
39 60 1
0 78 1
48 127 1
183 199 1
81 142 1
144 180 1
33 102 1
144 198 1
1 51 1
0 172 1
45 85 1
0 181 1
74 130 1
83 197 1
38 55 1
0 190 1
49 55 1
9 19 1
149 151 1
149 160 1
31 186 1
20 186 1
78 118 1
85 89 1
18 76 1
32 160 1
43 160 1
0 37 1
118 172 1
119 137 1
8 59 1
46 171 1
39 46 1
151 187 1
21 96 1
68 180 1
75 76 1
151 196 1
4 34 1
46 198 1
104 130 1
25 75 1
4 52 1
4 61 1
144 184 1
104 148 1
39 149 1
73 151 1
102 196 1
37 85 1
38 50 1
15 57 1
24 124 1
86 108 1
4 155 1
55 102 1
137 190 1
96 149 1
103 197 1
96 158 1
28 103 1
24 151 1
18 89 1
142 143 1
28 130 1
46 166 1
148 186 1
68 166 1
0 68 1
132 178 1
68 184 1
9 144 1
4 38 1
132 196 1
75 89 1
6 120 1
33 83 1
22 55 1
25 88 1
102 173 1
122 151 1
37 62 1
31 140 1
25 106 1
62 155 1
20 149 1
38 45 1
103 165 1
86 94 1
83 196 1
78 81 1
51 136 1
26 61 1
8 22 1
16 124 1
67 108 1
96 144 1
1 144 1
88 149 1
55 124 1
40 81 1
14 181 1
151 168 1
6 88 1
77 139 1
20 32 1
140 186 1
60 86 1
98 189 1
144 156 1
50 149 1
73 114 1
71 181 1
110 172 1
20 117 1
37 48 1
102 168 1
82 190 1
144 183 1
174 184 1
25 92 1
39 139 1
137 144 1
60 171 1
83 173 1
102 186 1
103 151 1
85 115 1
8 179 1
33 181 1
96 130 1
167 181 1
16 119 1
65 142 1
37 160 1
0 31 1
11 31 1
6 74 1
76 160 1
86 192 1
119 140 1
77 134 1
50 117 1
151 172 1
81 95 1
129 181 1
151 181 1
68 174 1
33 55 1
61 135 1
112 119 1
132 186 1
181 191 1
10 62 1
50 144 1
8 147 1
122 132 1
83 150 1
8 156 1
122 141 1
2 85 1
43 86 1
19 165 1
60 166 1
31 130 1
166 184 1
18 20 1
31 139 1
32 104 1
20 148 1
66 115 1
26 51 1
25 172 1
89 98 1
170 172 1
70 94 1
170 181 1
68 133 1
25 199 1
148 162 1
76 155 1
22 184 1
148 180 1
4 5 1
68 160 1
55 190 1
86 196 1
7 150 1
33 59 1
50 139 1
39 102 1
22 31 1
144 155 1
33 68 1
173 191 1
8 151 1
54 118 1
66 83 1
11 147 1
166 170 1
32 81 1
93 100 1
43 90 1
0 156 1
104 195 1
39 129 1
94 172 1
21 188 1
124 173 1
96 102 1
7 24 1
32 108 1
43 117 1
96 120 1
53 149 1
18 42 1
55 91 1
70 89 1
147 174 1
16 118 1
65 132 1
10 196 1
120 166 1
65 141 1
48 70 1
129 144 1
46 137 1
69 102 1
151 153 1
86 191 1
25 32 1
26 149 1
151 171 1
89 196 1
17 186 1
165 173 1
51 62 1
54 95 1
102 144 1
18 172 1
8 137 1
94 140 1
66 78 1
102 162 1
20 120 1
31 120 1
32 94 1
43 94 1
7 19 1
32 103 1
10 155 1
28 51 1
99 102 1
55 86 1
188 198 1
64 153 1
65 118 1
139 156 1
0 7 1
22 156 1
57 132 1
5 103 1
98 142 1
18 122 1
55 171 1
132 144 1
184 191 1
26 144 1
50 111 1
2 25 1
10 38 1
86 195 1
98 160 1
79 156 1
70 187 1
7 149 1
20 79 1
9 177 1
43 62 1
165 186 1
22 39 1
30 141 1
39 110 1
60 142 1
63 166 1
83 153 1
12 120 1
25 139 1
62 188 1
55 63 1
77 78 1
85 180 1
22 151 1
3 147 1
68 127 1
55 166 1
110 111 1
142 180 1
89 186 1
61 115 1
7 144 1
9 172 1
102 134 1
22 25 1
32 57 1
28 194 1
52 124 1
32 66 1
0 132 1
165 190 1
103 117 1
131 188 1
4 93 1
6 184 1
35 80 1
115 198 1
28 50 1
127 172 1
9 46 1
127 181 1
3 124 1
9 55 1
188 197 1
86 140 1
93 188 1
120 142 1
28 68 1
3 142 1
86 167 1
161 170 1
8 86 1
55 170 1
90 137 1
10 28 1
98 150 1
153 184 1
54 71 1
119 191 1
32 43 1
60 132 1
6 161 1
1 55 1
33 124 1
127 140 1
25 129 1
37 103 1
65 85 1
46 81 1
51 159 1
108 172 1
31 199 1
86 144 1
58 73 1
68 108 1
77 86 1
50 69 1
120 155 1
86 153 1
78 149 1
153 161 1
172 174 1
55 165 1
50 96 1
42 92 1
16 192 1
54 66 1
153 188 1
39 77 1
91 115 1
20 73 1
102 124 1
165 171 1
84 94 1
61 190 1
32 65 1
10 144 1
16 75 1
68 76 1
65 89 1
137 194 1
25 151 1
38 81 1
85 165 1
39 198 1
46 94 1
68 94 1
85 174 1
4 186 1
96 171 1
86 148 1
59 131 1
31 50 1
96 180 1
50 73 1
160 195 1
55 142 1
32 186 1
142 156 1
59 149 1
118 198 1
101 127 1
20 50 1
28 152 1
57 188 1
55 169 1
19 94 1
0 81 1
119 181 1
40 117 1
36 174 1
13 20 1
31 68 1
32 33 1
91 119 1
4 69 1
5 186 1
115 156 1
40 153 1
16 43 1
110 199 1
81 172 1
19 188 1
42 190 1
33 132 1
137 171 1
46 62 1
5 33 1
20 171 1
51 149 1
74 151 1
20 180 1
46 89 1
4 172 1
149 172 1
87 188 1
96 166 1
15 92 1
55 137 1
150 155 1
96 184 1
142 151 1
119 149 1
55 155 1
79 122 1
20 45 1
46 183 1
60 81 1
151 199 1
11 85 1
60 99 1
92 168 1
77 188 1
61 171 1
50 171 1
69 184 1
81 149 1
80 184 1
53 87 1
54 141 1
33 118 1
61 198 1
39 161 1
137 166 1
62 172 1
86 102 1
62 181 1
137 184 1
5 37 1
138 158 1
86 120 1
168 171 1
96 152 1
86 129 1
20 193 1
160 167 1
118 161 1
160 176 1
55 132 1
130 172 1
96 179 1
118 188 1
8 75 1
111 149 1
31 40 1
39 53 1
148 198 1
0 71 1
20 40 1
5 149 1
4 32 1
52 81 1
9 147 1
60 94 1
48 129 1
26 181 1
50 148 1
111 176 1
28 151 1
81 144 1
10 102 1
0 165 1
85 114 1
10 120 1
39 156 1
122 172 1
39 165 1
137 170 1
15 46 1
74 132 1
94 199 1
89 93 1
51 139 1
46 70 1
5 32 1
55 100 1
89 102 1
8 25 1
130 149 1
86 124 1
4 171 1
35 149 1
8 52 1
28 119 1
79 103 1
134 137 1
20 26 1
148 184 1
171 186 1
190 199 1
77 142 1
20 35 1
28 137 1
69 147 1
75 78 1
111 162 1
6 118 1
92 158 1
113 190 1
7 181 1
92 167 1
115 132 1
69 165 1
18 190 1
25 86 1
37 51 1
152 190 1
144 186 1
20 129 1
73 144 1
137 147 1
39 151 1
73 153 1
102 198 1
38 43 1
31 156 1
20 165 1
186 188 1
55 95 1
18 55 1
43 139 1
103 190 1
86 119 1
70 102 1
59 102 1
130 153 1
96 151 1
35 144 1
59 111 1
48 74 1
139 192 1
37 172 1
70 120 1
120 197 1
0 52 1
37 190 1
111 139 1
28 132 1
37 199 1
76 181 1
4 22 1
92 144 1
26 171 1
15 171 1
144 154 1
50 147 1
18 176 1
8 141 1
1 25 1
37 46 1
2 79 1
141 185 1
122 144 1
31 124 1
11 155 1
39 137 1
20 124 1
102 184 1
54 144 1
20 151 1
66 118 1
20 160 1
16 108 1
55 90 1
7 50 1
118 137 1
18 59 1
8 24 1
55 108 1
25 193 1
35 139 1
0 20 1
53 184 1
96 164 1
118 164 1
88 160 1
28 118 1
163 172 1
28 127 1
86 199 1
140 179 1
60 70 1
46 172 1
61 124 1
81 102 1
144 149 1
181 198 1
4 35 1
10 69 1
110 156 1
27 149 1
39 114 1
90 196 1
0 141 1
61 160 1
8 154 1
102 170 1
39 132 1
60 164 1
83 166 1
108 110 1
8 172 1
20 137 1
43 102 1
102 188 1
75 171 1
85 117 1
83 184 1
32 111 1
51 124 1
86 91 1
32 120 1
114 171 1
88 119 1
186 187 1
55 94 1
107 132 1
0 6 1
88 128 1
2 186 1
25 188 1
10 199 1
92 98 1
65 144 1
128 182 1
92 107 1
77 118 1
68 149 1
46 149 1
65 162 1
22 191 1
50 110 1
184 199 1
9 118 1
69 132 1
78 199 1
89 199 1
70 195 1
144 153 1
110 160 1
32 79 1
40 181 1
94 161 1
40 190 1
94 170 1
66 99 1
155 186 1
14 70 1
51 119 1
96 118 1
28 81 1
48 59 1
147 181 1
28 90 1
108 199 1
65 139 1
76 139 1
28 99 1
11 28 1
69 100 1
140 151 1
86 180 1
139 195 1
151 160 1
9 104 1
120 191 1
132 156 1
92 120 1
69 118 1
26 156 1
55 192 1
132 174 1
8 117 1
39 95 1
102 142 1
48 171 1
0 140 1
51 87 1
19 153 1
0 149 1
51 96 1
83 165 1
124 166 1
