500
405 463 1
152 246 1
58 239 1
69 248 1
21 208 1
114 399 1
294 366 1
415 476 1
74 183 1
224 387 1
10 427 1
358 387 1
56 165 1
138 204 1
83 268 1
336 448 1
14 168 1
100 357 1
148 168 1
273 428 1
73 74 1
217 384 1
58 360 1
431 456 1
50 127 1
129 420 1
110 141 1
80 378 1
83 124 1
133 390 1
71 186 1
1 499 1
411 483 1
206 459 1
113 268 1
73 460 1
180 214 1
387 427 1
299 314 1
51 441 1
84 246 1
323 491 1
241 309 1
46 399 1
78 431 1
70 427 1
405 417 1
3 257 1
1 476 1
74 317 1
14 37 1
140 262 1
232 345 1
131 442 1
268 447 1
314 414 1
127 179 1
228 231 1
210 442 1
186 234 1
127 444 1
143 272 1
73 473 1
194 354 1
87 228 1
146 314 1
130 455 1
358 462 1
278 353 1
369 471 1
87 493 1
73 329 1
228 352 1
165 183 1
68 479 1
323 360 1
201 371 1
415 443 1
127 156 1
5 50 1
63 257 1
21 440 1
50 58 1
202 335 1
248 302 1
14 135 1
40 273 1
139 395 1
74 415 1
20 215 1
205 377 1
5 315 1
74 186 1
226 320 1
186 247 1
168 458 1
95 245 1
161 419 1
213 237 1
352 395 1
404 442 1
183 214 1
168 314 1
148 256 1
293 345 1
345 392 1
152 226 1
257 428 1
21 417 1
82 247 1
208 243 1
52 404 1
88 98 1
126 353 1
20 192 1
285 346 1
318 380 1
293 466 1
26 351 1
161 167 1
167 247 1
3 404 1
1 443 1
81 323 1
322 386 1
34 248 1
414 469 1
45 257 1
16 459 1
248 436 1
56 86 1
194 465 1
153 284 1
62 431 1
376 478 1
74 405 1
14 125 1
239 472 1
91 494 1
243 442 1
269 351 1
402 471 1
81 156 1
186 358 1
272 398 1
98 474 1
259 428 1
313 399 1
346 347 1
269 472 1
256 273 1
62 179 1
248 269 1
153 297 1
308 320 1
73 188 1
92 287 1
62 444 1
228 476 1
248 305 1
201 459 1
421 462 1
206 308 1
398 478 1
399 443 1
131 134 1
63 116 1
134 405 1
73 309 1
314 335 1
34 58 1
186 335 1
58 415 1
138 295 1
58 186 1
14 488 1
175 442 1
295 358 1
309 442 1
268 404 1
127 365 1
116 392 1
49 302 1
417 469 1
49 73 1
148 344 1
348 369 1
19 50 1
218 259 1
116 248 1
1 410 1
136 226 1
142 157 1
34 444 1
81 290 1
102 313 1
56 462 1
63 358 1
309 419 1
247 444 1
49 459 1
5 7 1
170 340 1
56 318 1
137 163 1
51 123 1
43 119 1
47 269 1
21 217 1
122 183 1
72 182 1
43 384 1
123 264 1
124 229 1
170 196 1
314 469 1
1 387 1
127 234 1
167 456 1
134 395 1
273 473 1
1 14 1
277 443 1
69 414 1
75 345 1
189 330 1
196 226 1
116 117 1
135 359 1
62 146 1
161 268 1
202 269 1
227 442 1
273 329 1
200 345 1
108 378 1
235 302 1
170 438 1
458 496 1
182 412 1
297 399 1
441 443 1
180 259 1
239 308 1
225 410 1
52 73 1
372 429 1
58 153 1
124 327 1
243 278 1
15 420 1
310 453 1
190 308 1
15 456 1
162 475 1
154 471 1
228 420 1
95 156 1
140 307 1
214 256 1
231 345 1
323 428 1
314 459 1
122 258 1
14 167 1
53 424 1
52 459 1
100 127 1
419 481 1
398 458 1
3 194 1
163 183 1
168 261 1
308 421 1
62 100 1
78 453 1
258 420 1
250 416 1
162 452 1
3 50 1
141 429 1
153 483 1
5 239 1
137 395 1
1 125 1
12 400 1
138 396 1
45 168 1
224 399 1
130 392 1
250 308 1
336 460 1
257 316 1
442 478 1
461 491 1
309 363 1
201 272 1
140 405 1
72 270 1
372 419 1
117 458 1
142 222 1
127 322 1
259 398 1
51 103 1
47 478 1
257 437 1
283 346 1
214 246 1
47 69 1
172 329 1
345 437 1
18 42 1
196 314 1
5 108 1
56 419 1
372 396 1
256 364 1
168 480 1
74 473 1
234 462 1
162 177 1
92 378 1
360 421 1
62 355 1
1 488 1
127 335 1
228 387 1
79 444 1
87 119 1
198 215 1
23 134 1
48 456 1
56 131 1
323 395 1
1 344 1
153 329 1
117 412 1
108 443 1
3 161 1
103 248 1
34 414 1
14 170 1
194 366 1
274 475 1
140 395 1
122 261 1
366 478 1
278 365 1
10 285 1
71 152 1
1 465 1
47 203 1
253 308 1
319 482 1
434 469 1
99 250 1
351 471 1
43 318 1
122 382 1
33 161 1
446 479 1
457 488 1
182 369 1
202 347 1
335 382 1
40 285 1
53 404 1
40 56 1
218 471 1
245 345 1
371 421 1
143 297 1
50 106 1
475 478 1
26 386 1
324 345 1
264 443 1
49 226 1
214 442 1
39 361 1
58 460 1
49 491 1
255 367 1
125 257 1
51 191 1
202 360 1
34 404 1
135 270 1
308 378 1
442 458 1
5 340 1
92 345 1
78 410 1
203 441 1
57 207 1
99 469 1
239 363 1
43 308 1
203 297 1
1 82 1
47 49 1
25 147 1
179 205 1
10 167 1
344 421 1
197 222 1
1 347 1
48 279 1
69 73 1
34 381 1
56 399 1
184 405 1
50 96 1
168 460 1
1 203 1
47 170 1
53 250 1
5 173 1
56 484 1
399 478 1
217 438 1
404 444 1
192 265 1
134 440 1
168 316 1
300 472 1
46 476 1
127 135 1
315 335 1
438 442 1
149 339 1
395 480 1
88 329 1
202 314 1
308 332 1
180 412 1
139 145 1
345 479 1
285 348 1
116 427 1
203 395 1
248 317 1
190 196 1
127 256 1
250 363 1
161 434 1
316 457 1
40 144 1
100 195 1
239 353 1
13 47 1
68 471 1
149 316 1
194 467 1
241 399 1
34 106 1
378 404 1
86 116 1
324 433 1
56 353 1
217 307 1
183 314 1
437 459 1
168 185 1
141 317 1
19 62 1
243 444 1
278 322 1
215 382 1
1 193 1
53 469 1
54 56 1
125 345 1
345 348 1
141 438 1
1 49 1
247 456 1
27 187 1
367 372 1
352 472 1
152 447 1
63 226 1
96 323 1
261 390 1
407 444 1
137 440 1
117 382 1
50 63 1
289 308 1
140 365 1
441 442 1
72 459 1
287 384 1
105 264 1
297 434 1
34 469 1
129 212 1
74 276 1
201 317 1
5 405 1
73 131 1
217 441 1
285 459 1
324 387 1
135 371 1
235 458 1
360 489 1
293 399 1
197 202 1
417 471 1
41 220 1
52 458 1
421 441 1
98 345 1
378 479 1
58 309 1
130 414 1
276 388 1
113 361 1
100 162 1
125 335 1
5 153 1
398 493 1
131 378 1
399 458 1
177 345 1
4 45 1
197 323 1
102 351 1
1 268 1
474 488 1
373 405 1
278 433 1
317 361 1
416 483 1
113 482 1
329 335 1
40 232 1
180 392 1
239 441 1
12 170 1
131 499 1
358 398 1
304 427 1
161 378 1
335 414 1
20 259 1
117 228 1
268 360 1
309 398 1
273 475 1
165 384 1
58 407 1
119 237 1
43 278 1
269 441 1
196 228 1
436 438 1
122 162 1
82 471 1
69 272 1
130 139 1
129 323 1
292 466 1
239 274 1
16 382 1
344 476 1
76 167 1
1 402 1
202 392 1
74 472 1
20 272 1
151 197 1
384 405 1
40 366 1
202 248 1
14 48 1
139 308 1
49 271 1
376 437 1
183 271 1
228 422 1
195 245 1
53 161 1
127 226 1
92 125 1
16 395 1
134 387 1
195 366 1
25 300 1
34 40 1
74 76 1
273 285 1
121 453 1
127 347 1
183 248 1
208 421 1
374 453 1
52 173 1
53 138 1
285 295 1
43 353 1
130 358 1
43 124 1
16 107 1
314 438 1
47 323 1
1 127 1
207 232 1
339 351 1
257 318 1
161 201 1
86 436 1
213 248 1
226 367 1
78 203 1
3 438 1
68 418 1
183 405 1
142 224 1
395 404 1
88 253 1
181 444 1
140 263 1
58 230 1
228 412 1
31 392 1
205 365 1
104 462 1
84 404 1
197 424 1
358 378 1
458 465 1
323 420 1
162 323 1
76 399 1
68 395 1
423 443 1
343 371 1
369 472 1
215 414 1
180 493 1
58 387 1
5 195 1
82 415 1
157 329 1
73 366 1
272 432 1
338 377 1
127 193 1
367 440 1
173 309 1
119 338 1
398 427 1
127 458 1
149 217 1
442 470 1
48 314 1
1 202 1
401 438 1
186 284 1
243 489 1
124 309 1
80 382 1
182 250 1
3 19 1
308 475 1
60 144 1
51 324 1
405 444 1
183 480 1
314 405 1
1 323 1
52 405 1
307 366 1
186 405 1
77 498 1
124 430 1
226 298 1
51 180 1
163 358 1
1 359 1
50 72 1
234 418 1
308 367 1
214 323 1
67 161 1
51 445 1
152 348 1
124 286 1
91 109 1
179 338 1
358 489 1
424 434 1
416 430 1
202 470 1
16 51 1
363 424 1
173 443 1
186 382 1
98 269 1
295 405 1
134 308 1
356 384 1
167 405 1
180 195 1
5 77 1
58 89 1
442 460 1
74 442 1
389 454 1
286 441 1
152 361 1
213 228 1
253 264 1
102 360 1
153 442 1
434 461 1
65 478 1
343 459 1
94 392 1
323 364 1
60 399 1
80 228 1
106 366 1
364 481 1
63 261 1
51 170 1
74 419 1
179 472 1
349 358 1
203 420 1
31 48 1
182 217 1
273 484 1
352 399 1
45 248 1
259 357 1
6 140 1
111 193 1
371 498 1
63 153 1
182 482 1
68 460 1
21 156 1
167 359 1
34 95 1
378 393 1
37 100 1
74 396 1
456 461 1
11 456 1
45 369 1
247 324 1
471 477 1
358 420 1
43 179 1
135 262 1
441 454 1
100 161 1
5 152 1
358 456 1
19 352 1
292 367 1
391 489 1
84 338 1
411 467 1
196 250 1
3 84 1
395 459 1
167 372 1
125 226 1
58 285 1
76 333 1
82 264 1
3 349 1
377 410 1
301 308 1
107 177 1
347 424 1
157 443 1
290 298 1
48 356 1
29 114 1
53 471 1
48 127 1
205 456 1
353 354 1
170 498 1
78 235 1
64 71 1
263 317 1
15 444 1
14 250 1
88 285 1
107 298 1
185 217 1
15 480 1
183 293 1
134 288 1
147 370 1
120 353 1
239 453 1
83 471 1
203 387 1
250 319 1
122 462 1
142 377 1
370 384 1
188 264 1
441 444 1
414 427 1
165 360 1
56 224 1
82 362 1
76 202 1
23 47 1
168 285 1
80 172 1
434 441 1
141 188 1
280 383 1
385 399 1
285 461 1
3 483 1
218 371 1
56 80 1
194 279 1
100 272 1
193 234 1
56 345 1
78 104 1
76 323 1
323 429 1
314 460 1
1 149 1
214 293 1
117 217 1
214 378 1
146 360 1
226 389 1
399 460 1
233 248 1
48 202 1
361 433 1
26 34 1
269 466 1
51 127 1
15 290 1
248 263 1
73 411 1
20 405 1
114 183 1
1 126 1
340 346 1
40 234 1
203 377 1
398 436 1
259 278 1
71 78 1
209 457 1
189 442 1
52 473 1
308 399 1
34 196 1
287 376 1
140 177 1
56 443 1
3 437 1
68 417 1
134 399 1
356 475 1
14 217 1
402 442 1
129 433 1
340 467 1
162 201 1
25 348 1
186 414 1
263 405 1
168 396 1
116 206 1
323 419 1
167 437 1
186 450 1
179 262 1
152 308 1
239 276 1
63 316 1
117 436 1
76 398 1
410 423 1
442 492 1
248 361 1
153 389 1
309 377 1
180 492 1
113 173 1
192 466 1
76 434 1
44 73 1
62 356 1
121 442 1
161 478 1
241 358 1
8 156 1
11 161 1
250 443 1
82 450 1
231 313 1
29 444 1
323 396 1
141 276 1
406 430 1
284 441 1
442 469 1
162 335 1
388 498 1
155 296 1
319 398 1
56 433 1
58 363 1
285 405 1
58 134 1
49 165 1
343 383 1
443 470 1
38 421 1
213 273 1
58 399 1
313 360 1
404 478 1
47 469 1
73 378 1
79 458 1
86 317 1
386 429 1
78 313 1
203 344 1
195 489 1
135 209 1
108 192 1
34 392 1
205 390 1
5 99 1
17 339 1
399 404 1
190 410 1
222 442 1
21 309 1
211 469 1
25 50 1
262 371 1
31 358 1
12 116 1
262 407 1
250 253 1
54 378 1
228 414 1
52 417 1
247 284 1
386 442 1
378 438 1
142 347 1
183 348 1
127 447 1
359 461 1
13 202 1
185 308 1
138 462 1
31 250 1
43 453 1
58 124 1
62 94 1
287 441 1
205 488 1
293 335 1
72 287 1
51 313 1
116 330 1
3 273 1
43 80 1
100 471 1
195 214 1
127 159 1
247 261 1
53 130 1
149 363 1
56 135 1
80 492 1
127 424 1
81 228 1
288 378 1
52 430 1
228 247 1
213 384 1
220 243 1
116 451 1
3 394 1
256 345 1
358 478 1
82 394 1
87 100 1
230 414 1
16 76 1
209 391 1
175 478 1
161 314 1
81 205 1
53 372 1
284 421 1
38 100 1
116 428 1
73 466 1
74 431 1
388 478 1
228 489 1
100 340 1
161 170 1
53 228 1
347 446 1
366 459 1
43 443 1
161 435 1
276 422 1
1 217 1
226 421 1
212 257 1
51 74 1
0 374 1
195 433 1
1 73 1
86 297 1
286 322 1
152 471 1
179 196 1
49 495 1
5 43 1
116 405 1
80 482 1
87 378 1
248 295 1
293 446 1
74 179 1
119 330 1
345 493 1
471 489 1
209 489 1
6 309 1
188 286 1
433 462 1
98 392 1
64 250 1
142 435 1
43 47 1
73 335 1
100 438 1
30 373 1
272 401 1
58 441 1
149 330 1
56 102 1
122 196 1
335 340 1
321 442 1
308 323 1
5 285 1
226 290 1
108 414 1
43 168 1
68 341 1
356 399 1
248 308 1
201 462 1
14 141 1
13 182 1
138 442 1
43 433 1
259 323 1
196 383 1
399 482 1
285 460 1
217 442 1
131 173 1
163 471 1
143 147 1
308 480 1
169 285 1
1 63 1
126 323 1
73 168 1
57 489 1
117 131 1
21 243 1
209 214 1
156 467 1
203 399 1
227 347 1
78 404 1
152 353 1
398 494 1
399 459 1
358 458 1
50 162 1
47 416 1
168 297 1
1 40 1
57 466 1
212 489 1
392 456 1
116 372 1
26 478 1
144 470 1
285 329 1
63 253 1
3 351 1
157 180 1
323 441 1
121 343 1
80 305 1
78 381 1
149 441 1
77 156 1
335 451 1
99 440 1
100 405 1
265 472 1
3 472 1
124 353 1
392 433 1
410 481 1
384 429 1
295 351 1
349 471 1
395 438 1
396 403 1
141 442 1
53 329 1
100 261 1
353 441 1
313 405 1
269 478 1
179 441 1
1 138 1
30 461 1
41 476 1
117 206 1
119 395 1
226 378 1
122 320 1
395 415 1
60 345 1
78 250 1
392 446 1
124 366 1
384 442 1
117 327 1
290 398 1
127 371 1
27 433 1
0 416 1
19 429 1
273 345 1
322 323 1
294 404 1
39 263 1
71 332 1
50 129 1
108 250 1
308 424 1
194 402 1
185 353 1
3 462 1
432 459 1
14 471 1
15 436 1
3 53 1
235 439 1
181 239 1
180 360 1
20 142 1
119 264 1
413 482 1
30 186 1
183 285 1
268 472 1
228 436 1
74 378 1
34 162 1
5 98 1
398 438 1
170 202 1
323 444 1
73 498 1
141 144 1
351 399 1
74 499 1
329 460 1
349 438 1
14 39 1
73 125 1
78 469 1
170 323 1
63 197 1
2 330 1
436 442 1
103 153 1
1 105 1
78 96 1
162 324 1
228 269 1
232 419 1
17 351 1
344 480 1
142 382 1
168 483 1
134 378 1
248 363 1
206 366 1
63 174 1
76 256 1
333 443 1
205 294 1
3 308 1
51 119 1
417 442 1
96 127 1
335 372 1
359 437 1
58 100 1
127 459 1
88 388 1
62 250 1
234 442 1
205 415 1
372 412 1
269 399 1
257 345 1
443 472 1
383 421 1
46 247 1
39 122 1
63 187 1
117 307 1
14 294 1
74 345 1
5 474 1
226 479 1
160 384 1
314 442 1
48 63 1
67 162 1
378 463 1
37 170 1
51 217 1
49 373 1
168 473 1
47 183 1
162 170 1
340 436 1
360 414 1
141 376 1
124 323 1
381 473 1
74 322 1
247 250 1
245 469 1
203 323 1
24 92 1
323 388 1
296 371 1
186 419 1
259 489 1
5 78 1
458 469 1
117 405 1
241 471 1
248 330 1
309 346 1
7 124 1
46 381 1
273 423 1
153 178 1
23 248 1
404 434 1
196 405 1
116 296 1
182 241 1
153 214 1
287 443 1
180 317 1
360 427 1
339 453 1
183 471 1
9 206 1
149 329 1
363 438 1
74 335 1
127 161 1
226 469 1
105 179 1
116 417 1
202 340 1
149 185 1
153 335 1
227 284 1
308 358 1
179 473 1
339 345 1
116 453 1
138 212 1
14 405 1
269 366 1
248 343 1
96 215 1
1 206 1
213 471 1
98 404 1
79 162 1
43 468 1
3 252 1
82 167 1
1 471 1
222 290 1
182 483 1
40 399 1
172 469 1
131 437 1
97 295 1
58 224 1
343 473 1
156 201 1
74 168 1
279 308 1
50 485 1
78 138 1
23 202 1
62 459 1
157 202 1
43 180 1
248 320 1
180 451 1
60 269 1
98 381 1
366 461 1
98 152 1
431 441 1
224 228 1
47 186 1
308 456 1
73 324 1
414 474 1
76 478 1
14 274 1
107 322 1
111 472 1
313 427 1
197 395 1
438 458 1
170 378 1
76 334 1
138 166 1
196 287 1
43 157 1
54 203 1
234 399 1
20 439 1
247 338 1
197 480 1
317 433 1
77 335 1
229 320 1
168 453 1
136 241 1
264 426 1
216 386 1
49 209 1
314 363 1
119 453 1
181 248 1
239 369 1
118 308 1
104 410 1
270 442 1
301 466 1
180 405 1
72 377 1
467 498 1
71 498 1
353 476 1
137 214 1
157 421 1
76 347 1
43 170 1
3 134 1
180 441 1
214 317 1
341 358 1
138 444 1
5 143 1
170 476 1
37 212 1
404 414 1
170 247 1
215 398 1
322 381 1
14 228 1
168 286 1
72 498 1
140 224 1
474 478 1
167 363 1
99 308 1
56 346 1
91 224 1
47 297 1
7 81 1
107 168 1
51 416 1
137 456 1
3 376 1
56 202 1
117 218 1
141 346 1
34 220 1
173 378 1
19 320 1
68 441 1
243 293 1
222 270 1
54 314 1
309 424 1
58 433 1
56 323 1
135 387 1
121 489 1
54 399 1
48 239 1
18 476 1
228 435 1
280 482 1
218 421 1
64 183 1
269 323 1
456 478 1
127 239 1
322 335 1
193 333 1
239 300 1
203 234 1
62 295 1
162 382 1
14 218 1
168 276 1
5 398 1
273 478 1
193 369 1
272 370 1
3 474 1
51 285 1
14 483 1
248 421 1
40 392 1
396 405 1
33 353 1
52 366 1
18 224 1
313 407 1
273 334 1
26 48 1
51 141 1
76 314 1
437 442 1
74 390 1
48 252 1
41 213 1
31 428 1
198 276 1
170 443 1
75 471 1
358 414 1
3 186 1
1 405 1
122 286 1
70 392 1
5 146 1
214 405 1
27 170 1
71 213 1
226 236 1
250 444 1
384 444 1
135 377 1
14 316 1
155 212 1
100 276 1
347 382 1
284 442 1
317 390 1
130 155 1
469 487 1
272 324 1
17 363 1
51 239 1
410 437 1
89 202 1
301 387 1
12 284 1
186 320 1
285 442 1
91 168 1
395 430 1
134 246 1
365 407 1
138 365 1
183 287 1
14 329 1
369 377 1
127 206 1
106 183 1
59 108 1
46 138 1
43 392 1
116 462 1
14 185 1
168 243 1
367 489 1
40 323 1
414 421 1
433 434 1
10 480 1
126 246 1
285 419 1
192 228 1
399 441 1
24 235 1
68 421 1
384 398 1
213 287 1
34 56 1
92 226 1
345 406 1
432 474 1
250 434 1
111 239 1
404 492 1
248 473 1
168 364 1
73 392 1
74 357 1
120 324 1
47 74 1
185 453 1
386 443 1
3 333 1
135 452 1
2 188 1
34 406 1
129 149 1
34 177 1
73 248 1
40 71 1
174 300 1
378 475 1
78 183 1
89 192 1
442 496 1
34 442 1
341 413 1
24 477 1
62 360 1
322 436 1
153 478 1
93 347 1
273 314 1
405 470 1
197 404 1
122 410 1
62 216 1
161 338 1
96 129 1
228 248 1
99 134 1
148 404 1
120 193 1
250 388 1
109 449 1
227 404 1
107 259 1
53 288 1
239 378 1
373 378 1
250 424 1
264 471 1
397 443 1
74 347 1
302 354 1
21 192 1
5 476 1
301 475 1
88 102 1
52 179 1
58 488 1
170 400 1
256 323 1
52 444 1
73 238 1
213 398 1
21 48 1
214 326 1
166 286 1
212 402 1
170 256 1
269 378 1
143 302 1
142 194 1
153 203 1
5 188 1
487 493 1
20 353 1
141 234 1
206 214 1
51 340 1
72 134 1
351 489 1
104 203 1
135 419 1
26 283 1
14 129 1
407 469 1
80 339 1
24 444 1
358 469 1
96 469 1
142 436 1
369 478 1
54 323 1
188 323 1
140 246 1
16 476 1
405 437 1
183 473 1
263 353 1
94 395 1
87 356 1
141 476 1
81 196 1
5 466 1
125 239 1
74 193 1
427 460 1
260 283 1
56 404 1
217 358 1
183 365 1
14 407 1
335 462 1
441 480 1
412 453 1
39 91 1
82 398 1
88 478 1
149 308 1
146 419 1
50 451 1
197 384 1
478 483 1
56 116 1
396 450 1
73 434 1
27 467 1
168 442 1
148 384 1
201 476 1
180 453 1
141 345 1
247 363 1
253 257 1
62 317 1
308 458 1
126 481 1
80 185 1
46 458 1
205 482 1
60 127 1
146 167 1
63 398 1
44 119 1
98 239 1
256 447 1
150 286 1
14 276 1
156 180 1
116 144 1
122 187 1
52 388 1
58 468 1
14 361 1
34 376 1
43 424 1
122 488 1
69 333 1
270 323 1
47 394 1
136 243 1
141 358 1
381 419 1
40 126 1
239 335 1
57 215 1
34 497 1
14 253 1
308 471 1
155 378 1
403 443 1
20 333 1
261 395 1
300 323 1
259 471 1
51 405 1
131 285 1
149 419 1
50 68 1
189 226 1
330 351 1
48 107 1
52 257 1
78 395 1
347 440 1
152 344 1
130 442 1
71 127 1
196 387 1
351 410 1
22 234 1
48 372 1
148 459 1
434 444 1
185 377 1
56 492 1
372 469 1
26 469 1
181 263 1
179 419 1
74 137 1
58 458 1
12 162 1
86 111 1
378 399 1
116 399 1
24 136 1
202 322 1
20 431 1
241 250 1
201 214 1
51 418 1
323 468 1
134 389 1
127 264 1
19 322 1
170 491 1
211 263 1
231 470 1
203 259 1
1 273 1
34 78 1
273 323 1
218 387 1
5 14 1
183 286 1
99 323 1
86 353 1
226 284 1
135 245 1
247 343 1
264 395 1
76 195 1
248 387 1
234 489 1
308 438 1
160 274 1
141 181 1
86 245 1
78 241 1
117 498 1
243 308 1
56 73 1
195 417 1
174 214 1
192 348 1
63 234 1
76 316 1
138 148 1
48 483 1
143 226 1
40 250 1
26 315 1
1 142 1
60 228 1
186 453 1
207 247 1
306 369 1
14 197 1
280 353 1
285 431 1
372 436 1
203 478 1
14 462 1
229 387 1
157 367 1
24 103 1
322 471 1
147 353 1
47 86 1
206 259 1
250 302 1
458 480 1
54 247 1
113 333 1
308 392 1
99 398 1
102 323 1
49 168 1
214 384 1
12 286 1
38 424 1
231 473 1
56 292 1
424 459 1
47 472 1
162 459 1
27 414 1
134 248 1
234 335 1
53 323 1
126 127 1
446 483 1
72 156 1
285 300 1
203 347 1
418 421 1
21 456 1
268 476 1
73 237 1
74 202 1
46 140 1
458 493 1
270 293 1
162 351 1
147 451 1
308 405 1
161 206 1
247 395 1
226 372 1
211 472 1
3 443 1
125 140 1
197 308 1
43 250 1
14 452 1
161 471 1
276 458 1
349 442 1
3 34 1
127 329 1
73 129 1
226 228 1
63 201 1
122 399 1
14 308 1
141 269 1
292 438 1
56 161 1
190 390 1
335 399 1
167 443 1
34 179 1
293 482 1
100 124 1
57 162 1
263 496 1
442 498 1
309 383 1
254 447 1
246 443 1
107 248 1
14 20 1
51 496 1
16 475 1
196 442 1
424 449 1
51 87 1
330 442 1
262 387 1
317 323 1
24 335 1
338 382 1
1 351 1
179 474 1
62 483 1
237 335 1
343 353 1
122 268 1
308 395 1
180 475 1
21 73 1
161 461 1
80 387 1
127 319 1
181 439 1
395 399 1
98 441 1
345 398 1
217 478 1
48 440 1
40 436 1
268 443 1
314 410 1
141 259 1
153 313 1
335 353 1
186 410 1
193 269 1
438 482 1
458 460 1
390 405 1
81 473 1
316 376 1
168 212 1
21 50 1
201 246 1
49 377 1
58 117 1
14 419 1
19 354 1
73 96 1
82 410 1
351 455 1
58 202 1
124 147 1
135 156 1
180 344 1
18 245 1
24 96 1
124 183 1
135 421 1
1 341 1
161 330 1
68 102 1
14 131 1
308 349 1
92 316 1
378 444 1
17 322 1
3 387 1
58 94 1
43 194 1
442 465 1
40 305 1
87 237 1
360 395 1
152 366 1
313 320 1
358 471 1
251 345 1
222 281 1
18 402 1
120 270 1
52 135 1
211 308 1
392 469 1
257 424 1
295 387 1
62 185 1
88 323 1
162 272 1
53 365 1
2 399 1
138 180 1
3 135 1
54 446 1
396 475 1
162 308 1
14 144 1
180 442 1
157 458 1
23 229 1
170 248 1
142 186 1
54 73 1
226 414 1
12 76 1
339 434 1
405 416 1
212 250 1
162 429 1
263 332 1
282 345 1
127 142 1
344 405 1
162 285 1
34 365 1
460 473 1
78 142 1
323 467 1
116 254 1
190 203 1
274 462 1
335 441 1
72 247 1
76 217 1
190 239 1
83 113 1
80 187 1
38 456 1
217 458 1
68 478 1
257 414 1
415 442 1
99 322 1
144 473 1
478 498 1
231 361 1
100 323 1
52 246 1
149 444 1
370 412 1
284 345 1
62 152 1
162 239 1
27 194 1
317 378 1
27 459 1
125 473 1
254 358 1
124 248 1
149 421 1
429 475 1
448 488 1
347 442 1
43 439 1
56 458 1
51 263 1
57 194 1
138 268 1
248 399 1
107 460 1
382 399 1
121 215 1
40 141 1
332 398 1
230 387 1
245 250 1
26 471 1
407 428 1
367 392 1
119 290 1
165 257 1
459 475 1
245 286 1
138 160 1
74 404 1
81 263 1
293 442 1
1 154 1
58 316 1
16 170 1
17 135 1
56 471 1
339 414 1
152 179 1
49 203 1
183 432 1
103 323 1
56 62 1
34 309 1
107 293 1
206 415 1
226 250 1
245 263 1
384 458 1
123 237 1
322 483 1
25 376 1
180 399 1
78 351 1
346 431 1
285 335 1
123 273 1
47 134 1
433 435 1
100 146 1
399 442 1
58 149 1
182 444 1
3 213 1
257 358 1
152 421 1
372 461 1
3 478 1
76 282 1
127 364 1
34 322 1
14 78 1
20 387 1
71 469 1
78 99 1
54 416 1
14 343 1
323 424 1
295 442 1
140 339 1
233 387 1
124 480 1
117 441 1
34 443 1
246 442 1
44 78 1
197 320 1
329 476 1
395 421 1
45 308 1
144 430 1
413 475 1
91 424 1
31 144 1
51 122 1
163 300 1
84 156 1
14 320 1
92 276 1
203 372 1
358 395 1
100 365 1
226 361 1
51 243 1
49 399 1
203 228 1
49 170 1
383 424 1
309 395 1
141 402 1
134 214 1
247 420 1
361 405 1
203 493 1
404 483 1
63 190 1
15 442 1
227 441 1
1 98 1
320 489 1
146 224 1
31 386 1
175 287 1
1 363 1
107 381 1
19 268 1
205 395 1
284 459 1
77 358 1
68 389 1
127 475 1
49 147 1
1 399 1
74 469 1
302 476 1
168 247 1
234 458 1
309 372 1
12 494 1
81 99 1
140 185 1
167 288 1
51 76 1
196 202 1
349 444 1
127 331 1
34 289 1
280 430 1
239 392 1
184 493 1
424 474 1
3 301 1
76 285 1
168 368 1
61 242 1
177 453 1
458 472 1
116 214 1
3 157 1
48 308 1
308 384 1
21 62 1
366 474 1
49 389 1
130 234 1
329 443 1
61 363 1
235 399 1
67 443 1
102 135 1
126 492 1
89 461 1
453 478 1
17 442 1
239 405 1
345 423 1
105 182 1
229 477 1
457 484 1
162 307 1
127 200 1
180 212 1
49 366 1
62 485 1
3 170 1
156 263 1
263 475 1
142 185 1
78 429 1
43 471 1
231 442 1
392 396 1
377 496 1
216 399 1
1 474 1
100 224 1
272 416 1
98 263 1
84 365 1
43 327 1
212 285 1
76 95 1
268 445 1
235 268 1
179 224 1
145 231 1
68 356 1
1 366 1
168 214 1
348 410 1
148 385 1
106 239 1
50 344 1
369 469 1
483 491 1
76 216 1
107 469 1
128 263 1
44 300 1
96 496 1
397 424 1
16 58 1
248 444 1
21 173 1
302 335 1
1 78 1
239 395 1
226 462 1
186 389 1
179 201 1
346 378 1
138 349 1
237 471 1
438 461 1
19 248 1
119 335 1
56 395 1
272 285 1
138 205 1
276 404 1
172 197 1
412 444 1
269 395 1
51 56 1
381 456 1
60 141 1
16 71 1
363 444 1
40 428 1
92 475 1
367 414 1
99 105 1
56 372 1
456 491 1
234 415 1
153 161 1
419 460 1
78 396 1
51 442 1
152 345 1
56 228 1
130 214 1
63 124 1
1 441 1
142 188 1
53 259 1
99 226 1
52 114 1
285 465 1
76 471 1
56 264 1
248 434 1
270 458 1
76 98 1
31 441 1
345 488 1
92 308 1
67 135 1
292 482 1
237 317 1
130 191 1
323 469 1
215 378 1
1 189 1
421 483 1
301 338 1
134 161 1
19 323 1
47 421 1
183 202 1
107 472 1
100 433 1
434 458 1
226 429 1
285 478 1
49 467 1
21 405 1
136 355 1
173 273 1
92 285 1
183 323 1
248 303 1
234 405 1
348 390 1
170 469 1
116 269 1
181 398 1
342 352 1
441 474 1
140 217 1
49 444 1
64 78 1
48 399 1
1 58 1
69 458 1
145 188 1
82 248 1
256 284 1
128 364 1
280 498 1
340 363 1
107 161 1
27 52 1
373 460 1
78 134 1
197 234 1
21 274 1
188 271 1
5 149 1
226 383 1
76 438 1
50 157 1
183 192 1
40 372 1
166 368 1
68 470 1
56 87 1
2 116 1
1 300 1
40 228 1
74 141 1
218 414 1
265 346 1
158 220 1
63 248 1
138 162 1
21 480 1
197 476 1
211 231 1
203 227 1
308 429 1
314 323 1
273 471 1
12 287 1
186 323 1
237 405 1
82 202 1
80 421 1
395 433 1
49 290 1
329 344 1
306 360 1
358 407 1
30 47 1
47 365 1
166 322 1
10 483 1
185 335 1
57 415 1
123 360 1
256 395 1
329 465 1
147 488 1
363 378 1
214 398 1
104 383 1
324 386 1
17 235 1
262 411 1
162 473 1
73 395 1
14 80 1
100 498 1
294 363 1
354 414 1
76 140 1
186 457 1
78 366 1
76 405 1
271 272 1
3 192 1
47 378 1
308 419 1
19 136 1
371 475 1
3 457 1
138 273 1
130 269 1
15 431 1
384 414 1
51 88 1
270 392 1
127 343 1
53 314 1
119 488 1
193 437 1
98 465 1
51 353 1
196 479 1
51 124 1
72 183 1
295 457 1
49 136 1
111 376 1
57 405 1
184 217 1
392 395 1
224 253 1
214 388 1
287 458 1
234 303 1
34 49 1
361 407 1
179 367 1
50 402 1
345 399 1
150 489 1
250 427 1
166 168 1
77 239 1
161 498 1
134 481 1
48 212 1
122 161 1
34 314 1
135 180 1
26 273 1
221 369 1
4 142 1
238 458 1
257 471 1
417 460 1
21 460 1
81 474 1
26 309 1
127 212 1
226 340 1
339 360 1
137 262 1
135 481 1
77 360 1
142 197 1
140 416 1
214 365 1
138 492 1
78 212 1
366 499 1
232 270 1
56 273 1
15 421 1
370 469 1
330 433 1
316 498 1
322 429 1
25 322 1
180 345 1
20 127 1
